STAR           
J         H         K        H-K       J-K
FS1          
13.429    13.048    12.967     0.081     0.462
FS2          
10.713    10.504    10.466     0.038     0.247
FS3          
12.600    12.725    12.822    -0.097    -0.222
FS4          
10.556    10.304    10.264     0.040     0.292
FS5          
12.335    12.340    12.342    -0.002    -0.007
FS6          
13.239    13.305    13.374    -0.069    -0.135
FS7          
11.105    10.977    10.940     0.037     0.165
FS8           
 9.079     8.442     8.313     0.129     0.766
FS9           
 9.150     8.424     8.266     0.158     0.884
FS10         
14.749    14.870    14.919    -0.049    -0.170
FS11         
11.354    11.294    11.278     0.016     0.076
FS12         
13.681    13.807    13.898    -0.091    -0.217
FS13         
10.517    10.182    10.135     0.047     0.382
FS14         
14.108    14.182    14.261    -0.079    -0.153
FS15         
12.778    12.420    12.360     0.060     0.418
FS16         
12.971    12.669    12.631     0.038     0.340
FS17         
12.681    12.343    12.270     0.073     0.411
FS18         
10.814    10.553    10.522     0.031     0.292
FS19         
13.565    13.654    13.796    -0.142    -0.231
FS20         
13.353    13.404    13.473    -0.069    -0.120
FS21         
12.948    13.031    13.132    -0.101    -0.184
FS23         
12.997    12.446    12.374     0.072     0.623
FS24         
10.904    10.772    10.753     0.019     0.151
FS25         
10.231     9.826     9.756     0.070     0.475
FS26          
 8.830     8.127     7.972     0.155     0.858
FS27         
13.494    13.181    13.123     0.058     0.371
FS28         
10.745    10.644    10.597     0.047     0.148
FS29         
13.175    13.271    13.346    -0.075    -0.171
FS30         
11.923    11.979    12.015    -0.036    -0.092
FS31         
13.798    13.919    14.039    -0.120    -0.241
FS32         
13.459    13.576    13.664    -0.088    -0.205
FS33         
14.017    14.162    14.240    -0.078    -0.223
FS34         
12.819    12.919    12.989    -0.070    -0.170
FS35         
12.231    11.846    11.757     0.089     0.474
FS 1          
13.429    13.048    12.967     0.081     0.462
FS 2          
10.713    10.504    10.466     0.038     0.247
FS 3          
12.600    12.725    12.822    -0.097    -0.222
FS 4          
10.556    10.304    10.264     0.040     0.292
FS 5          
12.335    12.340    12.342    -0.002    -0.007
FS 6          
13.239    13.305    13.374    -0.069    -0.135
FS 7          
11.105    10.977    10.940     0.037     0.165
FS 8           
 9.079     8.442     8.313     0.129     0.766
FS 9           
 9.150     8.424     8.266     0.158     0.884
FS 10         
14.749    14.870    14.919    -0.049    -0.170
FS 11         
11.354    11.294    11.278     0.016     0.076
FS 12         
13.681    13.807    13.898    -0.091    -0.217
FS 13         
10.517    10.182    10.135     0.047     0.382
FS 14         
14.108    14.182    14.261    -0.079    -0.153
FS 15         
12.778    12.420    12.360     0.060     0.418
FS 16         
12.971    12.669    12.631     0.038     0.340
FS 17         
12.681    12.343    12.270     0.073     0.411
FS 18         
10.814    10.553    10.522     0.031     0.292
FS 19         
13.565    13.654    13.796    -0.142    -0.231
FS 20         
13.353    13.404    13.473    -0.069    -0.120
FS 21         
12.948    13.031    13.132    -0.101    -0.184
FS 23         
12.997    12.446    12.374     0.072     0.623
FS 24         
10.904    10.772    10.753     0.019     0.151
FS 25         
10.231     9.826     9.756     0.070     0.475
FS 26          
 8.830     8.127     7.972     0.155     0.858
FS 27         
13.494    13.181    13.123     0.058     0.371
FS 28         
10.745    10.644    10.597     0.047     0.148
FS 29         
13.175    13.271    13.346    -0.075    -0.171
FS 30         
11.923    11.979    12.015    -0.036    -0.092
FS 31         
13.798    13.919    14.039    -0.120    -0.241
FS 32         
13.459    13.576    13.664    -0.088    -0.205
FS 33         
14.017    14.162    14.240    -0.078    -0.223
FS 34         
12.819    12.919    12.989    -0.070    -0.170
FS 35         
12.231    11.846    11.757     0.089     0.474
FS_1          
13.429    13.048    12.967     0.081     0.462
FS_2          
10.713    10.504    10.466     0.038     0.247
FS_3          
12.600    12.725    12.822    -0.097    -0.222
FS_4          
10.556    10.304    10.264     0.040     0.292
FS_5          
12.335    12.340    12.342    -0.002    -0.007
FS_6          
13.239    13.305    13.374    -0.069    -0.135
FS_7          
11.105    10.977    10.940     0.037     0.165
FS_8           
 9.079     8.442     8.313     0.129     0.766
FS_9           
 9.150     8.424     8.266     0.158     0.884
FS_10         
14.749    14.870    14.919    -0.049    -0.170
FS_11         
11.354    11.294    11.278     0.016     0.076
FS_12         
13.681    13.807    13.898    -0.091    -0.217
FS_13         
10.517    10.182    10.135     0.047     0.382
FS_14         
14.108    14.182    14.261    -0.079    -0.153
FS_15         
12.778    12.420    12.360     0.060     0.418
FS_16         
12.971    12.669    12.631     0.038     0.340
FS_17         
12.681    12.343    12.270     0.073     0.411
FS_18         
10.814    10.553    10.522     0.031     0.292
FS_19         
13.565    13.654    13.796    -0.142    -0.231
FS_20         
13.353    13.404    13.473    -0.069    -0.120
FS_21         
12.948    13.031    13.132    -0.101    -0.184
FS_23         
12.997    12.446    12.374     0.072     0.623
FS_24         
10.904    10.772    10.753     0.019     0.151
FS_25         
10.231     9.826     9.756     0.070     0.475
FS_26          
 8.830     8.127     7.972     0.155     0.858
FS_27         
13.494    13.181    13.123     0.058     0.371
FS_28         
10.745    10.644    10.597     0.047     0.148
FS_29         
13.175    13.271    13.346    -0.075    -0.171
FS_30         
11.923    11.979    12.015    -0.036    -0.092
FS_31         
13.798    13.919    14.039    -0.120    -0.241
FS_32         
13.459    13.576    13.664    -0.088    -0.205
FS_33         
14.017    14.162    14.240    -0.078    -0.223
FS_34         
12.819    12.919    12.989    -0.070    -0.170
FS_35         
12.231    11.846    11.757     0.089     0.474
