NAME          
J       H       K        L       L'      M
HD225023     
7.082   6.993   6.962    6.94    6.96    7.03
G158-27      
8.378   7.781   7.447  -99.99    7.04  -99.99
HD1160       
7.060   7.051   7.040    7.05    7.04  -99.99
HD2811       
7.178   7.093   7.067    7.04  -99.99  -99.99
HD3029       
7.263   7.125   7.093  -99.99    7.06  -99.99
GL105.5      
7.305   6.663   6.539    6.47    6.46  -99.99
HD18881      
7.130   7.135   7.140    7.15    7.14    7.29
HD19904      
6.727   6.662   6.642    6.62  -99.99  -99.99
G77-31       
8.816   8.187   7.857    7.52  -99.99  -99.99
HD22686      
7.196   7.190   7.185    7.20    7.19  -99.99
SAO112626    
8.934   8.670   8.596  -99.99    8.65  -99.99
HD38921      
7.572   7.551   7.536    7.53  -99.99  -99.99
HD40335      
6.555   6.473   6.452    6.43    6.43    6.41
HD44612      
7.075   7.041   7.041    7.04    7.03  -99.99
HD75223      
7.329   7.296   7.281    7.26  -99.99  -99.99
HD77281      
7.111   7.052   7.031    7.00    7.06    6.97
GL347A       
8.483   7.881   7.658    7.41    7.36  -99.99
HD84800      
7.592   7.549   7.538    7.55    7.54    7.58
GL390        
6.939   6.275   6.061    5.87  -99.99  -99.99
GL406        
7.143   6.469   6.099    5.69  -99.99  -99.99
HD101452     
7.018   6.890   6.848    6.81  -99.99  -99.99
Y2730        
6.532   5.935   5.646    5.34    5.26  -99.99
HD105601     
6.821   6.719   6.687    6.64    6.65    6.66
HD106965     
7.380   7.337   7.316    7.30    7.34    7.30
HD129653     
6.985   6.942   6.921    6.91    6.93    7.07
HD129655     
6.826   6.724   6.692    6.67    6.68  -99.99
HD130163     
6.856   6.846   6.835    6.81  -99.99  -99.99
HD136754     
7.155   7.146   7.135    7.14    7.14  -99.99
S-R3         
7.804   7.001   6.543    6.25  -99.99  -99.99
OPHS1        
9.007   7.344   6.378    5.71  -99.99  -99.99
HD161743     
7.620   7.620   7.615    7.61  -99.99  -99.99
HD161903     
7.172   7.059   7.023    6.99    7.01    7.14
HD162208     
7.223   7.141   7.112    7.09    7.14    7.12
Y4338        
6.297   5.680   5.416    5.12    5.03  -99.99
GL748        
7.105   6.557   6.319    6.05    6.00  -99.99
GL811.1      
7.832   7.185   6.946    6.70    6.69    6.68
HD201941     
6.696   6.657   6.626    6.60    6.61  -99.99
HD203856     
6.926   6.887   6.861    6.84    6.84  -99.99
HD205772     
7.775   7.688   7.657    7.64  -99.99  -99.99
SAO34401     
7.933   7.766   7.734  -99.99    7.74  -99.99
HD 225023     
7.082   6.993   6.962    6.94    6.96    7.03
G 158-27      
8.378   7.781   7.447  -99.99    7.04  -99.99
HD 1160       
7.060   7.051   7.040    7.05    7.04  -99.99
HD 2811       
7.178   7.093   7.067    7.04  -99.99  -99.99
HD 3029       
7.263   7.125   7.093  -99.99    7.06  -99.99
GL 105.5      
7.305   6.663   6.539    6.47    6.46  -99.99
HD 18881      
7.130   7.135   7.140    7.15    7.14    7.29
HD 19904      
6.727   6.662   6.642    6.62  -99.99  -99.99
G 77-31       
8.816   8.187   7.857    7.52  -99.99  -99.99
HD 22686      
7.196   7.190   7.185    7.20    7.19  -99.99
SAO 112626    
8.934   8.670   8.596  -99.99    8.65  -99.99
HD 38921      
7.572   7.551   7.536    7.53  -99.99  -99.99
HD 40335      
6.555   6.473   6.452    6.43    6.43    6.41
HD 44612      
7.075   7.041   7.041    7.04    7.03  -99.99
HD 75223      
7.329   7.296   7.281    7.26  -99.99  -99.99
HD 77281      
7.111   7.052   7.031    7.00    7.06    6.97
GL 347A       
8.483   7.881   7.658    7.41    7.36  -99.99
HD 84800      
7.592   7.549   7.538    7.55    7.54    7.58
GL 390        
6.939   6.275   6.061    5.87  -99.99  -99.99
GL 406        
7.143   6.469   6.099    5.69  -99.99  -99.99
HD 101452     
7.018   6.890   6.848    6.81  -99.99  -99.99
Y 2730        
6.532   5.935   5.646    5.34    5.26  -99.99
HD 105601     
6.821   6.719   6.687    6.64    6.65    6.66
HD 106965     
7.380   7.337   7.316    7.30    7.34    7.30
HD 129653     
6.985   6.942   6.921    6.91    6.93    7.07
HD 129655     
6.826   6.724   6.692    6.67    6.68  -99.99
HD 130163     
6.856   6.846   6.835    6.81  -99.99  -99.99
HD 136754     
7.155   7.146   7.135    7.14    7.14  -99.99
S-R 3         
7.804   7.001   6.543    6.25  -99.99  -99.99
OPH S1        
9.007   7.344   6.378    5.71  -99.99  -99.99
HD 161743     
7.620   7.620   7.615    7.61  -99.99  -99.99
HD 161903     
7.172   7.059   7.023    6.99    7.01    7.14
HD 162208     
7.223   7.141   7.112    7.09    7.14    7.12
Y 4338        
6.297   5.680   5.416    5.12    5.03  -99.99
GL 748        
7.105   6.557   6.319    6.05    6.00  -99.99
GL 811.1      
7.832   7.185   6.946    6.70    6.69    6.68
HD 201941     
6.696   6.657   6.626    6.60    6.61  -99.99
HD 203856     
6.926   6.887   6.861    6.84    6.84  -99.99
HD 205772     
7.775   7.688   7.657    7.64  -99.99  -99.99
SAO 34401     
7.933   7.766   7.734  -99.99    7.74  -99.99
