 ULDA SWP27857L                                                                 
 Written in SPECTRUM 2 format                                                  
       644
  1.19120E+03  9.79380E-15     1.19238E+03  7.29752E-15     1.19356E+03 -1.69613E-14
  1.19474E+03 -4.28415E-14     1.19592E+03 -4.06866E-14     1.19710E+03 -3.24297E-14
  1.19828E+03  1.35276E-14     1.19946E+03  2.37474E-14     1.20064E+03  1.49784E-14
  1.20182E+03  3.97919E-14     1.20300E+03  5.00971E-14     1.20418E+03  6.12343E-14
  1.20536E+03  6.82538E-14     1.20654E+03  9.34727E-14     1.20772E+03  1.75295E-13
  1.20890E+03  2.78326E-13     1.21008E+03  3.55689E-13     1.21126E+03  4.80994E-13
  1.21244E+03  5.73421E-13     1.21362E+03  6.11804E-13     1.21480E+03  6.53558E-13
  1.21598E+03  5.74680E-13     1.21716E+03  4.88035E-13     1.21834E+03  4.73569E-13
  1.21952E+03  3.47624E-13     1.22070E+03  1.90145E-13     1.22188E+03  8.17167E-14
  1.22306E+03  4.95637E-14     1.22424E+03  4.00693E-14     1.22542E+03  2.68411E-14
  1.22660E+03  1.89895E-14     1.22778E+03  2.21045E-14     1.22896E+03  2.16138E-14
  1.23014E+03  2.21259E-14     1.23132E+03  3.55461E-14     1.23249E+03  3.29004E-14
  1.23367E+03  1.32289E-14     1.23485E+03  1.30155E-14     1.23603E+03  1.66853E-14
  1.23721E+03  3.42873E-14     1.23839E+03  2.89533E-14     1.23957E+03  2.32353E-14
  1.24075E+03  1.74533E-14     1.24193E+03  1.88828E-14     1.24311E+03  2.89107E-14
  1.24429E+03  2.32140E-14     1.24547E+03  1.00712E-14     1.24665E+03  1.19274E-14
  1.24783E+03  2.46222E-14     1.24901E+03  2.56890E-14     1.25019E+03  1.83556E-15
  1.25137E+03  7.44687E-15     1.25255E+03  9.98583E-15     1.25373E+03  1.10526E-14
  1.25491E+03  1.20127E-14     1.25609E+03  1.39543E-14     1.25727E+03  1.68346E-14
  1.25845E+03  6.76413E-15     1.25963E+03 -3.07166E-15     1.26081E+03  8.17229E-15
  1.26199E+03  2.22966E-14     1.26317E+03  2.20405E-14     1.26435E+03  6.87081E-15
  1.26553E+03  5.98090E-16     1.26671E+03  5.93203E-15     1.26789E+03  1.19487E-14
  1.26907E+03  1.87548E-14     1.27025E+03  1.43170E-14     1.27143E+03  7.31886E-15
  1.27261E+03  4.58788E-15     1.27379E+03  9.19640E-15     1.27497E+03  1.74320E-14
  1.27615E+03  1.44663E-14     1.27733E+03  2.15711E-14     1.27851E+03  1.91602E-14
  1.27969E+03  1.33355E-14     1.28087E+03  1.36556E-14     1.28205E+03  1.39970E-14
  1.28323E+03  3.98559E-14     1.28441E+03  2.03763E-14     1.28559E+03  1.22901E-14
  1.28677E+03  2.38541E-14     1.28795E+03  1.00072E-14     1.28913E+03  1.55331E-14
  1.29031E+03  2.03763E-14     1.29149E+03  4.43853E-15     1.29267E+03 -5.73863E-15
  1.29385E+03  5.18528E-15     1.29503E+03  5.12127E-15     1.29621E+03  2.39029E-15
  1.29739E+03  1.29942E-14     1.29857E+03  1.37836E-14     1.29975E+03  6.38008E-15
  1.30093E+03  8.38564E-15     1.30211E+03  1.82641E-14     1.30329E+03  1.04979E-14
  1.30447E+03  1.73467E-14     1.30565E+03  1.45090E-14     1.30683E+03  1.26528E-14
  1.30801E+03  7.76691E-15     1.30919E+03  1.80721E-14     1.31037E+03  1.89895E-14
  1.31155E+03  9.53778E-15     1.31272E+03  9.21774E-15     1.31390E+03  1.05406E-14
  1.31508E+03  4.60921E-15     1.31626E+03  7.08416E-15     1.31744E+03  1.07326E-14
  1.31862E+03  6.29474E-15     1.31980E+03  1.78587E-14     1.32098E+03  1.00285E-14
  1.32216E+03  1.32351E-15     1.32334E+03  5.14261E-15     1.32452E+03  1.14580E-14
  1.32570E+03  5.29196E-15     1.32688E+03  7.21218E-15     1.32806E+03  7.53221E-15
  1.32924E+03  1.56398E-14     1.33042E+03  7.10550E-15     1.33160E+03  1.37196E-14
  1.33278E+03  1.18847E-14     1.33396E+03  4.60921E-15     1.33514E+03  1.90109E-14
  1.33632E+03  1.70906E-14     1.33750E+03  1.66639E-14     1.33868E+03  1.87548E-14
  1.33986E+03  8.32164E-15     1.34104E+03  5.98090E-16     1.34222E+03  5.54799E-15
  1.34340E+03  1.67919E-14     1.34458E+03  1.68133E-14     1.34576E+03  7.02016E-15
  1.34694E+03 -8.46559E-17     1.34812E+03 -4.41582E-15     1.34930E+03  1.43018E-15
  1.35048E+03  7.10550E-15     1.35166E+03  4.39586E-15     1.35284E+03 -3.05033E-15
  1.35402E+03  1.69200E-14     1.35520E+03  2.06324E-14     1.35638E+03  1.94224E-15
  1.35756E+03  1.18634E-14     1.35874E+03  1.66212E-14     1.35992E+03  1.26528E-14
  1.36110E+03  1.43597E-14     1.36228E+03  4.82257E-15     1.36346E+03  1.35702E-14
  1.36464E+03  7.51088E-15     1.36582E+03  1.18207E-14     1.36700E+03  1.29515E-14
  1.36818E+03  2.41163E-15     1.36936E+03  7.36153E-15     1.37054E+03  1.06686E-14
  1.37172E+03 -1.96220E-15     1.37290E+03 -3.02899E-15     1.37408E+03  1.08179E-14
  1.37526E+03  2.13426E-15     1.37644E+03  3.58510E-15     1.37762E+03  1.05619E-14
  1.37880E+03  2.61157E-14     1.37998E+03  8.10828E-15     1.38116E+03  4.03315E-15
  1.38234E+03  1.36342E-14     1.38352E+03  8.32164E-15     1.38470E+03  1.07753E-14
  1.38588E+03  2.13791E-14     1.38706E+03  5.52665E-15     1.38824E+03  1.80294E-14
  1.38942E+03  2.56249E-14     1.39060E+03  3.54394E-14     1.39178E+03  2.08884E-14
  1.39296E+03  1.92882E-14     1.39414E+03  1.29728E-14     1.39531E+03  1.20127E-14
  1.39649E+03  2.60090E-14     1.39767E+03  1.88615E-14     1.39885E+03  2.69691E-14
  1.40003E+03  3.37325E-14     1.40121E+03  3.25804E-14     1.40239E+03  2.02910E-14
  1.40357E+03  9.17507E-15     1.40475E+03  8.42832E-15     1.40593E+03  4.73723E-15
  1.40711E+03  2.60365E-15     1.40829E+03  1.38903E-14     1.40947E+03  1.09459E-14
  1.41065E+03  1.84775E-14     1.41183E+03  5.33463E-15     1.41301E+03  1.72827E-14
  1.41419E+03  1.70480E-14     1.41537E+03 -6.39388E-16     1.41655E+03  1.32715E-14
  1.41773E+03  2.09951E-14     1.41891E+03  1.97149E-14     1.42009E+03  1.31222E-14
  1.42127E+03  2.60365E-15     1.42245E+03  5.44131E-15     1.42363E+03  9.94316E-15
  1.42481E+03  3.62777E-15     1.42599E+03  3.75578E-15     1.42717E+03  1.11380E-14
  1.42835E+03  2.85968E-15     1.42953E+03  9.92182E-15     1.43071E+03  1.86695E-14
  1.43189E+03  1.48077E-14     1.43307E+03  7.10550E-15     1.43425E+03  6.03871E-15
  1.43543E+03  1.66212E-14     1.43661E+03  1.14793E-14     1.43779E+03  1.65359E-14
  1.43897E+03  1.32929E-14     1.44015E+03  6.91348E-15     1.44133E+03  6.23073E-15
  1.44251E+03  2.13426E-15     1.44369E+03 -1.42881E-15     1.44487E+03  3.60643E-15
  1.44605E+03  1.54265E-14     1.44723E+03  1.27381E-14     1.44841E+03  1.05832E-14
  1.44959E+03  1.20767E-14     1.45077E+03  9.43110E-15     1.45195E+03  5.24929E-15
  1.45313E+03  1.18634E-14     1.45431E+03  1.15220E-14     1.45549E+03  5.35597E-15
  1.45667E+03  3.07669E-14     1.45785E+03  1.67279E-14     1.45903E+03  7.66023E-15
  1.46021E+03  1.19914E-14     1.46139E+03  1.28662E-14     1.46257E+03  1.14580E-14
  1.46375E+03  2.73745E-14     1.46493E+03  2.21685E-14     1.46611E+03  1.30155E-14
  1.46729E+03  1.16500E-14     1.46847E+03  1.07753E-14     1.46965E+03  1.78801E-14
  1.47083E+03  1.51277E-14     1.47201E+03  3.55247E-14     1.47319E+03  2.80999E-14
  1.47437E+03  2.08884E-14     1.47555E+03  1.31649E-14     1.47672E+03  4.39586E-15
  1.47790E+03  1.80294E-14     1.47908E+03  2.98770E-15     1.48026E+03  2.75300E-15
  1.48144E+03  4.73723E-15     1.48262E+03  6.42275E-15     1.48380E+03  1.11593E-14
  1.48498E+03 -4.05311E-15     1.48616E+03  7.91626E-15     1.48734E+03  8.62034E-15
  1.48852E+03  2.75300E-15     1.48970E+03 -2.38892E-15     1.49088E+03 -1.96220E-15
  1.49206E+03  1.31435E-14     1.49324E+03  1.23968E-14     1.49442E+03  1.66426E-14
  1.49560E+03  1.42957E-14     1.49678E+03  1.75600E-14     1.49796E+03  5.93203E-15
  1.49914E+03  4.91408E-16     1.50032E+03  2.75300E-15     1.50150E+03  2.14045E-16
  1.50268E+03  8.81236E-15     1.50386E+03  9.47377E-15     1.50504E+03  1.27168E-14
  1.50622E+03  7.34019E-15     1.50740E+03 -1.10877E-15     1.50858E+03 -2.11155E-15
  1.50976E+03  3.67044E-15     1.51094E+03  5.52665E-15     1.51212E+03  9.83648E-15
  1.51330E+03  2.23606E-14     1.51448E+03  1.15860E-14     1.51566E+03  1.22047E-14
  1.51684E+03  7.48954E-15     1.51802E+03 -7.24728E-16     1.51920E+03  2.75300E-15
  1.52038E+03  7.38286E-15     1.52156E+03  8.79102E-15     1.52274E+03  1.98491E-15
  1.52392E+03  8.25763E-15     1.52510E+03  1.57678E-14     1.52628E+03  1.89042E-14
  1.52746E+03  2.44728E-14     1.52864E+03  1.69200E-14     1.52982E+03  1.88188E-14
  1.53100E+03  2.50275E-14     1.53218E+03  2.54756E-14     1.53336E+03  2.74385E-14
  1.53454E+03  1.77094E-14     1.53572E+03  2.39181E-14     1.53690E+03  2.92734E-14
  1.53808E+03  1.95869E-14     1.53926E+03  2.41741E-14     1.54044E+03  3.72956E-14
  1.54162E+03  4.06240E-14     1.54280E+03  5.53457E-14     1.54398E+03  5.73512E-14
  1.54516E+03  7.47826E-14     1.54634E+03  1.09368E-13     1.54752E+03  1.12163E-13
  1.54870E+03  8.56425E-14     1.54988E+03  7.06648E-14     1.55106E+03  4.92010E-14
  1.55224E+03  2.80146E-14     1.55342E+03  2.70118E-14     1.55460E+03  1.42957E-14
  1.55578E+03  1.32929E-14     1.55695E+03  2.87186E-14     1.55813E+03  1.84775E-14
  1.55931E+03  1.34636E-14     1.56049E+03  2.71033E-15     1.56167E+03  1.08606E-14
  1.56285E+03  2.64632E-15     1.56403E+03  1.66488E-15     1.56521E+03  2.83834E-15
  1.56639E+03  1.22688E-14     1.56757E+03  1.29515E-14     1.56875E+03 -4.37315E-15
  1.56993E+03  1.50037E-16     1.57111E+03  8.59900E-15     1.57229E+03  3.77712E-15
  1.57347E+03  9.43110E-15     1.57465E+03  7.85225E-15     1.57583E+03  1.79014E-14
  1.57701E+03  1.17567E-14     1.57819E+03 -1.98354E-15     1.57937E+03  1.35276E-14
  1.58055E+03  2.18485E-14     1.58173E+03 -2.76678E-16     1.58291E+03  4.24650E-15
  1.58409E+03  1.26955E-14     1.58527E+03  1.46370E-14     1.58645E+03  1.57465E-14
  1.58763E+03  1.17994E-14     1.58881E+03  1.00498E-14     1.58999E+03  5.56932E-15
  1.59117E+03  1.07966E-14     1.59235E+03  1.69200E-14     1.59353E+03  9.94316E-15
  1.59471E+03  5.05726E-15     1.59589E+03  1.57892E-14     1.59707E+03  1.05619E-14
  1.59825E+03  1.18207E-14     1.59943E+03  1.22261E-14     1.60061E+03  1.72187E-14
  1.60179E+03  1.21194E-14     1.60297E+03  7.36153E-15     1.60415E+03  1.14367E-14
  1.60533E+03  1.77094E-14     1.60651E+03  1.53838E-14     1.60769E+03  1.35276E-14
  1.60887E+03  8.98305E-15     1.61005E+03  1.03485E-14     1.61123E+03  1.10740E-14
  1.61241E+03  4.77990E-15     1.61359E+03  1.22688E-14     1.61477E+03  2.21899E-14
  1.61595E+03  1.78587E-14     1.61713E+03  2.24459E-14     1.61831E+03  2.46222E-14
  1.61949E+03  2.97001E-14     1.62067E+03  4.28216E-14     1.62185E+03  3.00841E-14
  1.62303E+03  3.43939E-14     1.62421E+03  4.34190E-14     1.62539E+03  3.03828E-14
  1.62657E+03  1.61305E-14     1.62775E+03  1.95229E-14     1.62893E+03  3.03828E-14
  1.63011E+03  2.42595E-14     1.63129E+03  1.53624E-14     1.63247E+03  1.16927E-14
  1.63365E+03  2.15285E-14     1.63483E+03  3.50127E-14     1.63601E+03  3.70609E-14
  1.63719E+03  3.62075E-14     1.63836E+03  2.69264E-14     1.63954E+03  2.52409E-14
  1.64072E+03  2.02270E-14     1.64190E+03  1.59812E-14     1.64308E+03  5.59066E-15
  1.64426E+03  4.20383E-15     1.64544E+03  4.56654E-15     1.64662E+03  1.85628E-14
  1.64780E+03  1.88402E-14     1.64898E+03  7.98026E-15     1.65016E+03  2.24094E-15
  1.65134E+03  7.68774E-16     1.65252E+03  1.18847E-14     1.65370E+03  1.96509E-14
  1.65488E+03  2.13578E-14     1.65606E+03  1.19487E-14     1.65724E+03  7.23351E-15
  1.65842E+03  5.46264E-15     1.65960E+03  1.04766E-14     1.66078E+03  1.34849E-14
  1.66196E+03  1.32502E-14     1.66314E+03  2.21899E-14     1.66432E+03  2.43021E-14
  1.66550E+03  1.86482E-14     1.66668E+03  1.01565E-14     1.66786E+03  1.14153E-14
  1.66904E+03  1.34422E-14     1.67022E+03  2.88102E-15     1.67140E+03 -1.25813E-15
  1.67258E+03  5.78268E-15     1.67376E+03  7.27619E-15     1.67494E+03  2.17694E-15
  1.67612E+03  2.88102E-15     1.67730E+03  4.88658E-15     1.67848E+03  9.28175E-15
  1.67966E+03  1.05192E-14     1.68084E+03  8.40698E-15     1.68202E+03  4.05448E-15
  1.68320E+03  3.94780E-15     1.68438E+03  7.14817E-15     1.68556E+03  3.17972E-15
  1.68674E+03  1.83556E-15     1.68792E+03  9.08972E-15     1.68910E+03  6.23073E-15
  1.69028E+03  5.12746E-16     1.69146E+03  6.50810E-15     1.69264E+03  7.44687E-15
  1.69382E+03  3.03037E-15     1.69500E+03  4.45986E-15     1.69618E+03  1.14580E-14
  1.69736E+03  1.17354E-14     1.69854E+03  1.10953E-14     1.69972E+03  1.09673E-14
  1.70090E+03  9.28175E-15     1.70208E+03  1.13300E-14     1.70326E+03  6.82813E-15
  1.70444E+03 -4.01044E-15     1.70562E+03 -1.91335E-16     1.70680E+03  6.67878E-15
  1.70798E+03  2.14045E-16     1.70916E+03  1.04614E-15     1.71034E+03  1.47285E-15
  1.71152E+03  4.71589E-15     1.71270E+03  3.56376E-15     1.71388E+03 -1.21545E-15
  1.71506E+03 -2.34008E-16     1.71624E+03  2.26228E-15     1.71742E+03  3.42059E-16
  1.71860E+03  5.91069E-15     1.71978E+03  1.04766E-14     1.72095E+03  7.66023E-15
  1.72213E+03  9.47377E-15     1.72331E+03  5.44131E-15     1.72449E+03  5.84669E-15
  1.72567E+03  1.19549E-15     1.72685E+03  6.14539E-15     1.72803E+03  6.72145E-15
  1.72921E+03  2.49697E-15     1.73039E+03  4.37452E-15     1.73157E+03  8.74835E-15
  1.73275E+03  1.06046E-14     1.73393E+03  9.85781E-15     1.73511E+03  1.03272E-14
  1.73629E+03  1.09673E-14     1.73747E+03  6.23073E-15     1.73865E+03  3.20105E-15
  1.73983E+03  4.11849E-15     1.74101E+03  1.10099E-14     1.74219E+03  1.07539E-14
  1.74337E+03  1.14793E-14     1.74455E+03  1.81361E-14     1.74573E+03  1.47224E-14
  1.74691E+03  1.11593E-14     1.74809E+03  1.30795E-14     1.74927E+03  6.97748E-15
  1.75045E+03  7.36153E-15     1.75163E+03  6.80680E-15     1.75281E+03  2.45430E-15
  1.75399E+03  3.22239E-15     1.75517E+03  3.86246E-15     1.75635E+03  5.39864E-15
  1.75753E+03  7.74557E-15     1.75871E+03  7.63889E-15     1.75989E+03  6.93481E-15
  1.76107E+03  9.94316E-15     1.76225E+03  8.57767E-15     1.76343E+03  8.08695E-15
  1.76461E+03  8.27896E-15     1.76579E+03  3.60643E-15     1.76697E+03  3.92647E-15
  1.76815E+03  6.01737E-15     1.76933E+03  2.75300E-15     1.77051E+03  2.81701E-15
  1.77169E+03  4.63055E-15     1.77287E+03  5.59066E-15     1.77405E+03  5.22795E-15
  1.77523E+03  4.05448E-15     1.77641E+03  3.84113E-15     1.77759E+03  7.06283E-15
  1.77877E+03  2.11293E-15     1.77995E+03  3.63394E-16     1.78113E+03  3.62777E-15
  1.78231E+03  5.52665E-15     1.78349E+03  7.14817E-15     1.78467E+03  5.52665E-15
  1.78585E+03  1.06747E-15     1.78703E+03  2.99389E-16     1.78821E+03  4.16116E-15
  1.78939E+03  4.75856E-15     1.79057E+03  4.95059E-15     1.79175E+03  2.30495E-15
  1.79293E+03  4.07582E-15     1.79411E+03  2.36896E-15     1.79529E+03  2.47564E-15
  1.79647E+03  4.73723E-15     1.79765E+03  3.24372E-15     1.79883E+03  3.99048E-15
  1.80001E+03  3.79845E-15     1.80119E+03  6.08138E-15     1.80236E+03  6.72145E-15
  1.80354E+03  3.88380E-15     1.80472E+03  2.14045E-16     1.80590E+03  2.71033E-15
  1.80708E+03  1.66488E-15     1.80826E+03 -8.52745E-16     1.80944E+03 -2.34008E-16
  1.81062E+03  6.83430E-16     1.81180E+03  3.86246E-15     1.81298E+03  2.68899E-15
  1.81416E+03  5.07860E-15     1.81534E+03  6.40142E-15     1.81652E+03  5.61199E-15
  1.81770E+03  3.54242E-15     1.81888E+03  2.98770E-15     1.82006E+03  5.82535E-15
  1.82124E+03  5.31329E-15     1.82242E+03  1.94224E-15     1.82360E+03  5.82535E-15
  1.82478E+03  9.94316E-15     1.82596E+03  6.57210E-15     1.82714E+03  4.45986E-15
  1.82832E+03  4.07582E-15     1.82950E+03  4.09716E-15     1.83068E+03  2.49697E-15
  1.83186E+03  2.00625E-15     1.83304E+03  2.90235E-15     1.83422E+03  4.71589E-15
  1.83540E+03  5.61199E-15     1.83658E+03  5.05726E-15     1.83776E+03  6.20940E-15
  1.83894E+03  8.06561E-15     1.84012E+03  1.12873E-14     1.84130E+03  9.34575E-15
  1.84248E+03  5.48398E-15     1.84366E+03  6.67878E-15     1.84484E+03  6.18806E-15
  1.84602E+03  6.40142E-15     1.84720E+03  9.00438E-15     1.84838E+03  9.26041E-15
  1.84956E+03  8.70568E-15     1.85074E+03  7.68157E-15     1.85192E+03  8.04427E-15
  1.85310E+03  5.52665E-15     1.85428E+03  5.82535E-15     1.85546E+03  8.76969E-15
  1.85664E+03  7.16951E-15     1.85782E+03  5.99604E-15     1.85900E+03  6.44409E-15
  1.86018E+03  6.76413E-15     1.86136E+03  7.46820E-15     1.86254E+03  9.28175E-15
  1.86372E+03  9.34575E-15     1.86490E+03  7.25485E-15     1.86608E+03  5.33463E-15
  1.86726E+03  3.86246E-15     1.86844E+03  1.28702E-16     1.86962E+03 -1.27946E-15
  1.87080E+03 -1.06610E-15     1.87198E+03  7.04769E-16     1.87316E+03  2.83834E-15
  1.87434E+03  2.07026E-15     1.87552E+03  1.25950E-15     1.87670E+03  4.05448E-15
  1.87788E+03  4.03315E-15     1.87906E+03  2.30495E-15     1.88024E+03  1.87823E-15
  1.88142E+03  4.24650E-15     1.88259E+03  5.29196E-15     1.88377E+03  2.45430E-15
  1.88495E+03  1.62220E-15     1.88613E+03  4.11849E-15     1.88731E+03  2.83834E-15
  1.88849E+03 -1.08744E-15     1.88967E+03 -3.66907E-15     1.89085E+03 -3.62640E-15
  1.89203E+03 -2.45293E-15     1.89321E+03 -3.05033E-15     1.89439E+03 -4.09578E-15
  1.89557E+03 -2.60228E-15     1.89675E+03 -1.79152E-15     1.89793E+03 -1.74885E-15
  1.89911E+03 -1.10877E-15     1.90029E+03  2.14045E-16     1.90147E+03  7.90109E-16
  1.90265E+03  1.72889E-15     1.90383E+03  3.20105E-15     1.90501E+03  3.54242E-15
  1.90619E+03  2.36896E-15     1.90737E+03  1.02480E-15     1.90855E+03  1.75022E-15
  1.90973E+03  5.56932E-15     1.91091E+03  7.74557E-15     1.91209E+03  9.28175E-15
  1.91327E+03  9.85781E-15     1.91445E+03  1.01352E-14     1.91563E+03  1.01352E-14
  1.91681E+03  1.21407E-14     1.91799E+03  1.29728E-14     1.91917E+03  1.10953E-14
  1.92035E+03  1.05406E-14     1.92153E+03  1.09459E-14     1.92271E+03  9.53778E-15
  1.92389E+03  8.62034E-15     1.92507E+03  6.29474E-15     1.92625E+03  5.93203E-15
  1.92743E+03  5.99604E-15     1.92861E+03  6.70012E-15     1.92979E+03  9.70846E-15
  1.93097E+03  1.23114E-14     1.93215E+03  8.76969E-15     1.93333E+03  4.41719E-15
  1.93451E+03  5.18528E-15     1.62220E-15  0.00000E+00     4.11849E-15  0.00000E+00
  2.83834E-15  0.00000E+00    -1.08744E-15  0.00000E+00    -3.66907E-15  0.00000E+00
 -3.62640E-15  0.00000E+00    -2.45293E-15  0.00000E+00    -3.05033E-15  0.00000E+00
 -4.09578E-15  0.00000E+00    -2.60228E-15  0.00000E+00    -1.79152E-15  0.00000E+00
 -1.74885E-15  0.00000E+00    -1.10877E-15  0.00000E+00
