  MIHALAS PLANE-PARALLEL  LTE      MODEL
      TEMPERATURE =  27500.0   LOG G =   4.0000
    45
   113.9000      -26.62352       133.1800      -26.75935       160.3100    
  -26.92040       160.3200      -26.92045       188.1900      -27.05967    
   227.8100      -9.791622       258.4400      -8.055596       258.4500    
  -8.010029       314.7400      -5.766380       402.4000      -3.617392    
   402.4100      -3.579413       447.5000      -2.844462       503.9700    
  -2.135285       503.9800      -1.096902       577.7400     -0.7243403    
   676.8200     -0.3234221       740.3000     -0.1244913       816.9200    
  6.7565471E-02   861.5000      0.1598139       911.2200      0.2482779    
   911.2300       2.278669       1118.320       2.072793       1447.240    
   1.774443       1696.760       1.575884       2050.270       1.329502    
   2050.280       1.329898       2624.300      0.9962975       3644.700    
  0.5358010       3644.800      0.6557770       4339.100      0.3875252    
   4859.800      0.2106878       5695.100     -3.9878223E-02   5695.200    
 -3.9893515E-02   6560.800     -0.2659891       8200.800     -0.6261880    
   8200.900     -0.6045986       10001.00     -0.9325624       12814.00    
  -1.345445       14579.00      -1.562331       14580.00      -1.555991    
   18744.00      -1.981400       22779.00      -2.313545       22780.00    
  -2.311183       40502.00      -3.299429       3030303.      -10.78705    
