  MIHALAS PLANE-PARALLEL  LTE      MODEL
      TEMPERATURE =  30000.0   LOG G =   3.0000
    45
   113.9000      -13.64272       133.1800      -10.81096       160.3100    
  -8.044397       160.3200      -8.021252       188.1900      -6.062868    
   227.8100      -4.163222       227.8200      -3.904860       258.4400    
  -2.870395       258.4500     -0.2956288       314.7400     -0.4255794    
   402.4100      2.0986976E-02   402.4200      0.1729651       447.5000    
  0.4163384       503.9700      0.6871150       503.9800       1.543898    
   577.7400       1.594460       676.8200       1.632578       740.3000    
   1.644709       816.9200       1.649565       861.5000       1.648614    
   911.2200       1.644678       911.2300       2.062268       971.9800    
   2.024610       1025.130       1.990767       1214.960       1.868801    
   1525.760       1.670952       2050.270       1.361502       2050.280    
   1.359498       2624.300       1.063498       3644.700      0.6230010    
   3644.800      0.6113771       4165.600      0.4241694       4859.800    
  0.2002878       5695.100     -3.7478197E-02   5695.200     -3.7493497E-02
   6560.800     -0.2551891       8200.800     -0.6069880       8200.900    
 -0.6073985       10498.00      -1.005489       14579.00      -1.547531    
   14580.00      -1.546791       18744.00      -1.968200       22779.00    
  -2.297945       22780.00      -2.297583       45208.00      -3.469306    
