  MIHALAS PLANE-PARALLEL  LTE      MODEL
      TEMPERATURE =  37500.0   LOG G =   3.5000
    45
   113.9000      -9.683925       133.1800      -7.469354       160.3100    
  -5.306797       160.3200      -5.174452       188.1900      -3.657269    
   227.8100      -2.197221       227.8200      -1.789260       258.4400    
  -1.035595       258.4500       1.761171       314.7400       1.878021    
   402.4100       1.964987       402.4200       1.972565       447.5000    
   1.996338       503.9700       2.015915       503.9800       2.135898    
   577.7400       2.133660       676.8200       2.110978       740.3000    
   2.089109       816.9200       2.057565       861.5000       2.036614    
   911.2200       2.012278       911.2300       2.274669       971.9800    
   2.224210       1025.130       2.180367       1214.960       2.026801    
   1525.760       1.790152       2050.270       1.437102       2050.280    
   1.437898       2624.300       1.111498       3644.700      0.6418010    
   3644.800      0.6417770       4165.600      0.4429693       4859.800    
  0.2078878       5695.100     -3.9478198E-02   5695.200     -3.9093498E-02
   6560.800     -0.2635891       8200.800     -0.6233880       8200.900    
 -0.6229986       10498.00      -1.027889       14579.00      -1.575131    
   14580.00      -1.574791       18744.00      -1.998200       22779.00    
  -2.328745       22780.00      -2.328783       45208.00      -3.502106    
