  MIHALAS PLANE-PARALLEL  LTE      MODEL
      TEMPERATURE =  22500.0   LOG G =   4.0000
    45
   113.9000      -26.62352       133.1800      -26.75935       160.3100    
  -26.92040       160.3200      -26.92045       188.1900      -27.05967    
   227.8100      -13.69882       258.4400      -11.47840       258.4500    
  -11.47723       314.7400      -8.581181       402.4000      -5.784191    
   402.4100      -5.773814       447.5000      -4.798862       503.9700    
  -3.851285       503.9800      -2.983702       577.7400      -2.262740    
   676.8200      -1.571822       740.3000      -1.240491       816.9200    
 -0.9220346       861.5000     -0.7681862       911.2200     -0.6185221    
   911.2300       2.023869       1118.320       1.831192       1447.240    
   1.562043       1696.760       1.385084       2050.270       1.165902    
   2050.280       1.165898       2624.300      0.8694976       3644.700    
  0.4570010       3644.800      0.6305771       4339.100      0.3735252    
   4859.800      0.2030878       5695.100     -3.8278215E-02   5695.200    
 -3.8293507E-02   6560.800     -0.2567891       8200.800     -0.6061880    
   8200.900     -0.5765986       10001.00     -0.8977624       12814.00    
  -1.303445       14579.00      -1.516331       14580.00      -1.508391    
   18744.00      -1.927800       22779.00      -2.255545       22780.00    
  -2.252783       40502.00      -3.230229       3030303.      -10.71905    
