  MIHALAS PLANE-PARALLEL  LTE      MODEL
      TEMPERATURE =  20000.0   LOG G =   2.5000
    45
   113.9000      -26.62352       133.1800      -26.75935       160.3100    
  -26.92040       160.3200      -26.92045       188.1900      -27.05967    
   227.8100      -15.00802       258.4400      -12.62320       258.4500    
  -12.61883       314.7400      -9.506380       402.4000      -6.492992    
   402.4100      -6.470213       447.5000      -5.418862       503.9700    
  -4.394485       503.9800      -3.494902       577.7400      -2.705541    
   676.8200      -1.944622       740.3000      -1.577691       816.9200    
  -1.222835       861.5000      -1.050986       911.2200     -0.8833221    
   911.2300       1.667068       1118.320       1.585592       1447.240    
   1.426443       1696.760       1.299484       2050.270       1.122302    
   2050.280       1.122298       2624.300      0.8570976       3644.700    
  0.4622010       3644.800      0.5885770       4339.100      0.3531252    
   4859.800      0.1938878       5695.100     -3.6278207E-02   5695.200    
 -3.6293488E-02   6560.800     -0.2471891       8200.800     -0.5889879    
   8200.900     -0.5669986       10001.00     -0.8801624       12814.00    
  -1.279845       14579.00      -1.490331       14580.00      -1.483591    
   18744.00      -1.899400       22779.00      -2.225145       22780.00    
  -2.222783       40502.00      -3.196629       3030303.      -10.68265    
