  MIHALAS PLANE-PARALLEL  LTE      MODEL
      TEMPERATURE =  40000.0   LOG G =   4.0000
    45
   113.9000      -9.074724       133.1800      -6.948955       160.3100    
  -4.878397       160.3200      -4.781252       188.1900      -3.328469    
   227.8100      -1.932821       227.8200      -1.526860       258.4400    
 -0.8091953       258.4500       1.971971       314.7400       2.018421    
   402.4100       2.017387       402.4200       2.029765       447.5000    
   2.026339       503.9700       2.028315       503.9800       2.207898    
   577.7400       2.183260       676.8200       2.144978       740.3000    
   2.117109       816.9200       2.080365       861.5000       2.057014    
   911.2200       2.030278       911.2300       2.417068       971.9800    
   2.357010       1025.130       2.305567       1214.960       2.126801    
   1525.760       1.859352       2050.270       1.474302       2050.280    
   1.485098       2624.300       1.136698       3644.700      0.6466010    
   3644.800      0.6637771       4165.600      0.4565693       4859.800    
  0.2134878       5695.100     -4.0678207E-02   5695.200     -3.9493475E-02
   6560.800     -0.2691891       8200.800     -0.6349880       8200.900    
 -0.6317986       10498.00      -1.042689       14579.00      -1.595131    
   14580.00      -1.594391       18744.00      -2.020600       22779.00    
  -2.352745       22780.00      -2.352783       45208.00      -3.529306    
