  MIHALAS PLANE-PARALLEL  LTE      MODEL
      TEMPERATURE =  37500.0   LOG G =   4.0000
    45
   113.9000      -10.15912       133.1800      -7.864155       160.3100    
  -5.628797       160.3200      -5.577651       188.1900      -4.003669    
   227.8100      -2.486421       227.8200      -2.121659       258.4400    
  -1.323995       258.4500       1.533971       314.7400       1.493621    
   402.4100       1.466987       402.4200       1.510565       447.5000    
   1.543939       503.9700       1.611915       503.9800       2.032698    
   577.7400       2.023260       676.8200       2.004178       740.3000    
   1.987109       816.9200       1.961565       861.5000       1.944214    
   911.2200       1.923478       911.2300       2.392269       971.9800    
   2.333810       1025.130       2.282767       1214.960       2.107201    
   1525.760       1.843352       2050.270       1.462302       2050.280    
   1.473898       2624.300       1.127898       3644.700      0.6402010    
   3644.800      0.6625770       4165.600      0.4561693       4859.800    
  0.2130878       5695.100     -4.0678207E-02   5695.200     -3.9893515E-02
   6560.800     -0.2691891       8200.800     -0.6349880       8200.900    
 -0.6305985       10498.00      -1.041889       14579.00      -1.594731    
   14580.00      -1.593591       18744.00      -2.020200       22779.00    
  -2.352745       22780.00      -2.352383       45208.00      -3.528906    
