  MIHALAS PLANE-PARALLEL  LTE      MODEL
      TEMPERATURE =  20000.0   LOG G =   3.0000
    45
   113.9000      -26.62352       133.1800      -26.75935       160.3100    
  -26.92040       160.3200      -26.92045       188.1900      -27.05967    
   227.8100      -15.43282       258.4400      -12.99560       258.4500    
  -12.99443       314.7400      -9.812379       402.4000      -6.746592    
   402.4100      -6.719013       447.5000      -5.641662       503.9700    
  -4.590885       503.9800      -3.720902       577.7400      -2.891140    
   676.8200      -2.095423       740.3000      -1.713291       816.9200    
  -1.343635       861.5000      -1.164586       911.2200     -0.9897224    
   911.2300       1.733068       1118.320       1.623592       1447.240    
   1.430843       1696.760       1.285884       2050.270       1.093902    
   2050.280       1.093898       2624.300      0.8210976       3644.700    
  0.4306010       3644.800      0.6057770       4339.100      0.3611252    
   4859.800      0.1974878       5695.100     -3.7078213E-02   5695.200    
 -3.7093494E-02   6560.800     -0.2503891       8200.800     -0.5937880    
   8200.900     -0.5637986       10001.00     -0.8801624       12814.00    
  -1.281445       14579.00      -1.492331       14580.00      -1.483991    
   18744.00      -1.900600       22779.00      -2.226745       22780.00    
  -2.223983       40502.00      -3.197429       3030303.      -10.68185    
