  MIHALAS PLANE-PARALLEL  LTE      MODEL
      TEMPERATURE =  25000.0   LOG G =   3.0000
    45
   113.9000      -26.62352       133.1800      -26.75935       160.3100    
  -26.92040       160.3200      -26.92045       188.1900      -27.05967    
   227.8100      -10.85482       258.4400      -8.981195       258.4500    
  -8.931629       314.7400      -6.509980       402.4000      -4.186592    
   402.4100      -4.146613       447.5000      -3.348862       503.9700    
  -2.577285       503.9800      -1.488502       577.7400      -1.075540    
   676.8200     -0.6226221       740.3000     -0.3960910       816.9200    
 -0.1756349       861.5000     -6.8986066E-02   911.2200      3.3877835E-02
   911.2300       2.023468       1118.320       1.891593       1447.240    
   1.670043       1696.760       1.507084       2050.270       1.290702    
   2050.280       1.291898       2624.300      0.9802976       3644.700    
  0.5330009       3644.800      0.6321771       4339.100      0.3763252    
   4859.800      0.2054878       5695.100     -3.8678210E-02   5695.200    
 -3.8693488E-02   6560.800     -0.2607891       8200.800     -0.6165880    
   8200.900     -0.5973986       10001.00     -0.9213624       12814.00    
  -1.331445       14579.00      -1.546731       14580.00      -1.540791    
   18744.00      -1.963800       22779.00      -2.294745       22780.00    
  -2.292383       40502.00      -3.277829       3030303.      -10.76665    
