  MIHALAS PLANE-PARALLEL  LTE      MODEL
      TEMPERATURE =  37500.0   LOG G =   4.5000
    45
   113.9000      -10.68312       133.1800      -8.300554       160.3100    
  -5.981997       160.3200      -5.960451       188.1900      -4.326869    
   227.8100      -2.752022       227.8200      -2.466859       258.4400    
  -1.622795       258.4500       1.212771       314.7400      0.9576206    
   402.4100      0.9669870       402.4200       1.068165       447.5000    
   1.176738       503.9700       1.324315       503.9800       1.965898    
   577.7400       1.948060       676.8200       1.924578       740.3000    
   1.907509       816.9200       1.883565       861.5000       1.867414    
   911.2200       1.848278       911.2300       2.467469       971.9800    
   2.401810       1025.130       2.345567       1214.960       2.154001    
   1525.760       1.873352       2050.270       1.477502       2050.280    
   1.489498       2624.300       1.133498       3644.700      0.6370010    
   3644.800      0.6733771       4165.600      0.4625693       4859.800    
  0.2158878       5695.100     -4.1078199E-02   5695.200     -4.0693503E-02
   6560.800     -0.2723891       8200.800     -0.6417880       8200.900    
 -0.6349986       10498.00      -1.049489       14579.00      -1.605131    
   14580.00      -1.603191       18744.00      -2.031800       22779.00    
  -2.365545       22780.00      -2.364783       45208.00      -3.542906    
