  MIHALAS PLANE-PARALLEL  LTE      MODEL
      TEMPERATURE =  50000.0   LOG G =   4.0000
    45
   113.9000      -6.269523       133.1800      -4.559354       160.3100    
  -2.884397       160.3200      -2.600451       188.1900      -1.479269    
   227.8100     -0.4160209       227.8200      0.7975408       258.4400    
  0.8444050       258.4500       2.719172       314.7400       2.764821    
   402.4100       2.758987       402.4200       2.758965       447.5000    
   2.735939       503.9700       2.696315       503.9800       2.698698    
   577.7400       2.636060       676.8200       2.543378       740.3000    
   2.481909       816.9200       2.407965       861.5000       2.365414    
   911.2200       2.318278       911.2300       2.487869       971.9800    
   2.423810       1025.130       2.369167       1214.960       2.182801    
   1525.760       1.907352       2050.270       1.513502       2050.280    
   1.515498       2624.300       1.161898       3644.700      0.6638010    
   3644.800      0.6689771       4165.600      0.4601693       4859.800    
  0.2150878       5695.100     -4.1078199E-02   5695.200     -4.0293496E-02
   6560.800     -0.2715891       8200.800     -0.6405880       8200.900    
 -0.6389986       10498.00      -1.051889       14579.00      -1.606731    
   14580.00      -1.606391       18744.00      -2.034200       22779.00    
  -2.367145       22780.00      -2.367183       45208.00      -3.545306    
