  MIHALAS PLANE-PARALLEL  LTE      MODEL
      TEMPERATURE =  45000.0   LOG G =   4.5000
    45
   113.9000      -7.655524       133.1800      -5.744154       160.3100    
  -3.885198       160.3200      -3.760052       188.1900      -2.463669    
   227.8100      -1.225221       227.8200     -0.8060593       258.4400    
 -0.1875951       258.4500       2.458371       314.7400       2.472821    
   402.4100       2.422987       402.4200       2.427365       447.5000    
   2.395139       503.9700       2.357515       503.9800       2.436298    
   577.7400       2.381260       676.8200       2.310578       740.3000    
   2.265909       816.9200       2.211966       861.5000       2.180214    
   911.2200       2.144678       911.2300       2.536669       971.9800    
   2.467410       1025.130       2.408367       1214.960       2.208401    
   1525.760       1.916552       2050.270       1.508302       2050.280    
   1.522298       2624.300       1.159098       3644.700      0.6558010    
   3644.800      0.6765771       4165.600      0.4645693       4859.800    
  0.2166878       5695.100     -4.1078199E-02   5695.200     -3.9893515E-02
   6560.800     -0.2723891       8200.800     -0.6417880       8200.900    
 -0.6385986       10498.00      -1.052289       14579.00      -1.607131    
   14580.00      -1.606791       18744.00      -2.034200       22779.00    
  -2.367545       22780.00      -2.367183       45208.00      -3.545706    
