  MIHALAS PLANE-PARALLEL  LTE      MODEL
      TEMPERATURE =  30000.0   LOG G =   4.5000
    45
   113.9000      -21.94392       133.1800      -17.84655       160.3100    
  -13.81040       160.3200      -13.81045       188.1900      -10.93047    
   227.8100      -8.117223       227.8200      -8.052860       258.4400    
  -6.529596       258.4500      -6.435629       314.7400      -4.493980    
   402.4100      -2.641014       402.4200      -2.591835       447.5000    
  -1.966861       503.9700      -1.366485       503.9800     -0.2197023    
   577.7400     -2.0740375E-02   676.8200      0.2389781       740.3000    
  0.3755090       816.9200      0.5091654       861.5000      0.5734138    
   911.2200      0.6342781       911.2300       2.405869       971.9800    
   2.336610       1025.130       2.277567       1214.960       2.076401    
   1525.760       1.785352       2050.270       1.384702       2050.280    
   1.385898       2624.300       1.038298       3644.700      0.5618010    
   3644.800      0.6673771       4165.600      0.4581693       4859.800    
  0.2134878       5695.100     -4.0678207E-02   5695.200     -4.0693503E-02
   6560.800     -0.2695892       8200.800     -0.6341880       8200.900    
 -0.6149986       10498.00      -1.026689       14579.00      -1.579931    
   14580.00      -1.573991       18744.00      -2.001800       22779.00    
  -2.335545       22780.00      -2.333183       45208.00      -3.514906    
