  MIHALAS PLANE-PARALLEL  LTE      MODEL
      TEMPERATURE =  32500.0   LOG G =   3.3000
    45
   113.9000      -12.42192       133.1800      -9.778954       160.3100    
  -7.199998       160.3200      -7.168452       188.1900      -5.345670    
   227.8100      -3.580821       227.8200      -3.293259       258.4400    
  -2.339995       258.4500      0.4319713       314.7400      0.3396206    
   402.4100      0.5113869       402.4200      0.6317654       447.5000    
  0.7883384       503.9700      0.9879150       503.9800       1.713898    
   577.7400       1.741660       676.8200       1.757778       740.3000    
   1.759109       816.9200       1.752765       861.5000       1.745814    
   911.2200       1.735878       911.2300       2.181468       971.9800    
   2.137410       1025.130       2.098767       1214.960       1.959601    
   1525.760       1.738952       2050.270       1.402303       2050.280    
   1.405898       2624.300       1.089098       3644.700      0.6282010    
   3644.800      0.6345771       4165.600      0.4385693       4859.800    
  0.2062877       5695.100     -3.9078202E-02   5695.200     -3.8693488E-02
   6560.800     -0.2615892       8200.800     -0.6205880       8200.900    
 -0.6177986       10498.00      -1.022689       14579.00      -1.570331    
   14580.00      -1.569191       18744.00      -1.993400       22779.00    
  -2.325145       22780.00      -2.324383       45208.00      -3.498906    
