  MIHALAS PLANE-PARALLEL  LTE      MODEL
      TEMPERATURE =  30000.0   LOG G =   4.0000
    45
   113.9000      -20.77472       133.1800      -16.84735       160.3100    
  -12.98240       160.3200      -12.98245       188.1900      -10.22807    
   227.8100      -7.539622       227.8200      -7.514860       258.4400    
  -6.049195       258.4500      -5.914830       314.7400      -4.072780    
   402.4100      -2.317013       402.4200      -2.259435       447.5000    
  -1.672062       503.9700      -1.108085       503.9800      0.1182979    
   577.7400      0.2396596       676.8200      0.4385781       740.3000    
  0.5507089       816.9200      0.6623654       861.5000      0.7162139    
   911.2200      0.7674780       911.2300       2.343069       971.9800    
   2.283810       1025.130       2.232367       1214.960       2.052401    
   1525.760       1.781752       2050.270       1.394702       2050.280    
   1.397098       2624.300       1.051098       3644.700      0.5726010    
   3644.800      0.6653771       4165.600      0.4569693       4859.800    
  0.2134878       5695.100     -4.0678207E-02   5695.200     -4.0693503E-02
   6560.800     -0.2695892       8200.800     -0.6345879       8200.900    
 -0.6169986       10498.00      -1.029089       14579.00      -1.581931    
   14580.00      -1.577191       18744.00      -2.005000       22779.00    
  -2.338745       22780.00      -2.336783       45208.00      -3.518506    
