  MIHALAS PLANE-PARALLEL  LTE      MODEL
      TEMPERATURE =  35000.0   LOG G =   4.5000
    45
   113.9000      -13.30832       133.1800      -10.51255       160.3100    
  -7.785198       160.3200      -7.781252       188.1900      -5.855268    
   227.8100      -3.993622       227.8200      -3.834059       258.4400    
  -2.817195       258.4500     -0.9908289       314.7400      -1.059979    
   402.4100     -0.1246133       402.4200     -1.8348106E-03   447.5000    
  0.3031384       503.9700      0.6019151       503.9800       1.595098    
   577.7400       1.574860       676.8200       1.570978       740.3000    
   1.573109       816.9200       1.573565       861.5000       1.571814    
   911.2200       1.567878       911.2300       2.457469       971.9800    
   2.392210       1025.130       2.336367       1214.960       2.145201    
   1525.760       1.864152       2050.270       1.467103       2050.280    
   1.475098       2624.300       1.117497       3644.700      0.6206010    
   3644.800      0.6761771       4165.600      0.4645693       4859.800    
  0.2166878       5695.100     -4.1078199E-02   5695.200     -4.1093480E-02
   6560.800     -0.2735891       8200.800     -0.6433880       8200.900    
 -0.6325986       10498.00      -1.048289       14579.00      -1.604731    
   14580.00      -1.601591       18744.00      -2.031000       22779.00    
  -2.364745       22780.00      -2.363983       45208.00      -3.544106    
