  MIHALAS PLANE-PARALLEL  LTE      MODEL
      TEMPERATURE =  17500.0   LOG G =   4.0000
    45
   113.9000      -26.62352       133.1800      -26.75935       160.3100    
  -26.92040       160.3200      -26.92045       188.1900      -27.05967    
   227.8100      -18.41242       258.4400      -15.60640       258.4500    
  -15.60643       314.7400      -11.93318       402.4000      -8.361392    
   402.4100      -8.361013       447.5000      -7.105662       503.9700    
  -5.877285       503.9800      -5.009703       577.7400      -4.393941    
   676.8200      -3.019023       740.3000      -2.548491       816.9200    
  -2.091234       861.5000      -1.868186       911.2200       1.550278    
   911.2300       1.626269       1118.320       1.479592       1447.240    
   1.265243       1696.760       1.119084       2050.270      0.9363024    
   2050.280      0.9362981       2624.300      0.6890975       3644.700    
  0.3430009       3644.800      0.5993771       4339.100      0.3563252    
   4859.800      0.1942878       5695.100     -3.6278207E-02   5695.200    
 -3.6293488E-02   6560.800     -0.2459891       8200.800     -0.5825880    
   8200.900     -0.5389986       10001.00     -0.8529624       12814.00    
  -1.250645       14579.00      -1.459931       14580.00      -1.452391    
   18744.00      -1.862600       22779.00      -2.186745       22780.00    
  -2.182783       40502.00      -3.151829       3030303.      -10.62345    
