  MIHALAS PLANE-PARALLEL  LTE      MODEL
      TEMPERATURE =  32500.0   LOG G =   4.5000
    45
   113.9000      -17.21912       133.1800      -13.82175       160.3100    
  -10.48800       160.3200      -10.48805       188.1900      -8.120470    
   227.8100      -5.820823       227.8200      -5.773260       258.4400    
  -4.519595       258.4500      -4.235628       314.7400      -2.749180    
   402.4100      -1.316213       402.4200      -1.234634       447.5000    
 -0.7668619       503.9700     -0.3192850       503.9800      0.8686979    
   577.7400      0.8952596       676.8200      0.9829779       740.3000    
   1.039509       816.9200       1.096765       861.5000       1.123814    
   911.2200       1.148278       911.2300       2.444268       971.9800    
   2.377810       1025.130       2.320767       1214.960       2.125601    
   1525.760       1.839752       2050.270       1.437502       2050.280    
   1.441498       2624.300       1.085098       3644.700      0.5950010    
   3644.800      0.6745771       4165.600      0.4629693       4859.800    
  0.2158878       5695.100     -4.1078199E-02   5695.200     -4.1093480E-02
   6560.800     -0.2723891       8200.800     -0.6401880       8200.900    
 -0.6253986       10498.00      -1.039889       14579.00      -1.595531    
   14580.00      -1.591191       18744.00      -2.020200       22779.00    
  -2.354745       22780.00      -2.352783       45208.00      -3.534506    
