  MIHALAS PLANE-PARALLEL  LTE      MODEL
      TEMPERATURE =  27500.0   LOG G =   3.0000
    45
   113.9000      -26.62352       133.1800      -26.75935       160.3100    
  -26.92040       160.3200      -26.92045       188.1900      -27.05967    
   227.8100      -6.879222       258.4400      -5.481996       258.4500    
  -5.291229       314.7400      -3.568380       402.4000      -1.924192    
   402.4100      -1.853814       447.5000      -1.309262       503.9700    
 -0.7868850       503.9800      0.5922979       577.7400      0.6280596    
   676.8200      0.7309781       740.3000      0.8031090       816.9200    
  0.8811654       861.5000      0.9202139       911.2200      0.9570780    
   911.2300       2.055069       1118.320       1.927593       1447.240    
   1.715243       1696.760       1.557884       2050.270       1.347502    
   2050.280       1.350698       2624.300       1.043898       3644.700    
  0.5914010       3644.800      0.6433771       4339.100      0.3743252    
   4859.800      0.2046878       5695.100     -3.8678210E-02   5695.200    
 -3.8693488E-02   6560.800     -0.2603891       8200.800     -0.6177880    
   8200.900     -0.6089986       10001.00     -0.9329624       12814.00    
  -1.343845       14579.00      -1.559931       14580.00      -1.556791    
   18744.00      -1.981400       22779.00      -2.313145       22780.00    
  -2.311583       40502.00      -3.299029       3030303.      -10.77225    
