  MIHALAS PLANE-PARALLEL  LTE      MODEL
      TEMPERATURE =  17500.0   LOG G =   2.5000
    45
   113.9000      -26.62352       133.1800      -26.75935       160.3100    
  -26.92040       160.3200      -26.92045       188.1900      -27.05967    
   227.8100      -17.70243       258.4400      -14.98239       258.4500    
  -14.98243       314.7400      -11.42598       402.4000      -7.971792    
   402.4100      -7.965414       447.5000      -6.752861       503.9700    
  -5.567285       503.9800      -4.689703       577.7400      -3.720340    
   676.8200      -2.788622       740.3000      -2.337291       816.9200    
  -1.903234       861.5000      -1.690986       911.2200      -1.482522    
   911.2300       1.443869       1118.320       1.392792       1447.240    
   1.263643       1696.760       1.151084       2050.270      0.9903024    
   2050.280      0.9902982       2624.300      0.7486976       3644.700    
  0.3902010       3644.800      0.5745771       4339.100      0.3451252    
   4859.800      0.1894878       5695.100     -3.5478216E-02   5695.200    
 -3.5493497E-02   6560.800     -0.2419891       8200.800     -0.5769880    
   8200.900     -0.5457986       10001.00     -0.8557624       12814.00    
  -1.251045       14579.00      -1.459931       14580.00      -1.451191    
   18744.00      -1.863800       22779.00      -2.187545       22780.00    
  -2.184383       40502.00      -3.153029       3030303.      -10.62865    
