  MIHALAS PLANE-PARALLEL  LTE      MODEL
      TEMPERATURE =  45000.0   LOG G =   4.0000
    45
   113.9000      -7.572723       133.1800      -5.679353       160.3100    
  -3.828797       160.3200      -3.626451       188.1900      -2.348069    
   227.8100      -1.127622       227.8200     -0.7080596       258.4400    
 -0.1055950       258.4500       2.421971       314.7400       2.490821    
   402.4100       2.502587       402.4200       2.504165       447.5000    
   2.487939       503.9700       2.457915       503.9800       2.483098    
   577.7400       2.432860       676.8200       2.358978       740.3000    
   2.310309       816.9200       2.251165       861.5000       2.217014    
   911.2200       2.178678       911.2300       2.461869       971.9800    
   2.399810       1025.130       2.346367       1214.960       2.163201    
   1525.760       1.890152       2050.270       1.497903       2050.280    
   1.505498       2624.300       1.152298       3644.700      0.6562010    
   3644.800      0.6681771       4165.600      0.4593694       4859.800    
  0.2146878       5695.100     -4.0678207E-02   5695.200     -3.9893515E-02
   6560.800     -0.2707891       8200.800     -0.6385880       8200.900    
 -0.6361986       10498.00      -1.048289       14579.00      -1.601931    
   14580.00      -1.601191       18744.00      -2.028200       22779.00    
  -2.361145       22780.00      -2.360783       45208.00      -3.538106    
