  MIHALAS PLANE-PARALLEL  LTE      MODEL
      TEMPERATURE =  32500.0   LOG G =   4.0000
    45
   113.9000      -15.69032       133.1800      -12.53095       160.3100    
  -9.438397       160.3200      -9.436852       188.1900      -7.245669    
   227.8100      -5.122022       227.8200      -5.010059       258.4400    
  -3.847195       258.4500      -3.385229       314.7400      -2.123580    
   402.4100     -0.8526129       402.4200     -0.7538348       447.5000    
 -0.3460618       503.9700      4.5915108E-02   503.9800       1.198298    
   577.7400       1.196860       676.8200       1.236578       740.3000    
   1.266709       816.9200       1.298365       861.5000       1.313014    
   911.2200       1.325478       911.2300       2.365469       971.9800    
   2.307810       1025.130       2.257967       1214.960       2.083601    
   1525.760       1.819352       2050.270       1.436702       2050.280    
   1.443098       2624.300       1.094298       3644.700      0.6066010    
   3644.800      0.6681771       4165.600      0.4593694       4859.800    
  0.2146878       5695.100     -4.0678207E-02   5695.200     -4.0693503E-02
   6560.800     -0.2711892       8200.800     -0.6385880       8200.900    
 -0.6265986       10498.00      -1.039889       14579.00      -1.594731    
   14580.00      -1.591191       18744.00      -2.019800       22779.00    
  -2.353545       22780.00      -2.352383       45208.00      -3.532506    
