  MIHALAS PLANE-PARALLEL  LTE      MODEL
      TEMPERATURE =  22500.0   LOG G =   3.0000
    45
   113.9000      -26.62352       133.1800      -26.75935       160.3100    
  -26.92040       160.3200      -26.92045       188.1900      -27.05967    
   227.8100      -13.14802       258.4400      -10.99520       258.4500    
  -10.98483       314.7400      -8.179980       402.4000      -5.473392    
   402.4100      -5.445814       447.5000      -4.506462       503.9700    
  -3.594085       503.9800      -2.680902       577.7400      -2.018741    
   676.8200      -1.375822       740.3000      -1.066091       816.9200    
 -0.7676347       861.5000     -0.6233861       911.2200     -0.4833221    
   911.2300       1.906669       1118.320       1.779192       1447.240    
   1.565243       1696.760       1.407884       2050.270       1.200302    
   2050.280       1.200298       2624.300      0.9054976       3644.700    
  0.4842009       3644.800      0.6201771       4339.100      0.3691252    
   4859.800      0.2014878       5695.100     -3.7878219E-02   5695.200    
 -3.7893500E-02   6560.800     -0.2555891       8200.800     -0.6053880    
   8200.900     -0.5813986       10001.00     -0.9013624       12814.00    
  -1.306645       14579.00      -1.519531       14580.00      -1.512791    
   18744.00      -1.932600       22779.00      -2.260745       22780.00    
  -2.257983       40502.00      -3.237029       3030303.      -10.72665    
