  MIHALAS PLANE-PARALLEL  LTE      MODEL
      TEMPERATURE =  50000.0   LOG G =   4.5000
    45
   113.9000      -6.442724       133.1800      -4.716554       160.3100    
  -3.032797       160.3200      -2.826051       188.1900      -1.671668    
   227.8100     -0.5756215       227.8200     -6.1659440E-02   258.4400    
  0.4196050       258.4500       2.763571       314.7400       2.782021    
   402.4100       2.733787       402.4200       2.734565       447.5000    
   2.694339       503.9700       2.639515       503.9800       2.653898    
   577.7400       2.579260       676.8200       2.480578       740.3000    
   2.419509       816.9200       2.347965       861.5000       2.307014    
   911.2200       2.262278       911.2300       2.577469       971.9800    
   2.506610       1025.130       2.446367       1214.960       2.242401    
   1525.760       1.945752       2050.270       1.529902       2050.280    
   1.541898       2624.300       1.173898       3644.700      0.6638010    
   3644.800      0.6813771       4165.600      0.4677694       4859.800    
  0.2178878       5695.100     -4.1478220E-02   5695.200     -4.0293496E-02
   6560.800     -0.2739891       8200.800     -0.6453880       8200.900    
 -0.6425986       10498.00      -1.057889       14579.00      -1.613931    
   14580.00      -1.613591       18744.00      -2.041800       22779.00    
  -2.375545       22780.00      -2.375183       45208.00      -3.554106    
