  MIHALAS PLANE-PARALLEL  LTE      MODEL
      TEMPERATURE =  40000.0   LOG G =   3.5000
    45
   113.9000      -8.758324       133.1800      -6.687354       160.3100    
  -4.657597       160.3200      -4.441651       188.1900      -2.714069    
   227.8100      -1.684022       227.8200      -1.278860       258.4400    
 -0.5939953       258.4500       2.205491       314.7400       2.186821    
   402.4100       2.267787       402.4200       2.268965       447.5000    
   2.284338       503.9700       2.287915       503.9800       2.314698    
   577.7400       2.298860       676.8200       2.256978       740.3000    
   2.223109       816.9200       2.177566       861.5000       2.149814    
   911.2200       2.117478       911.2300       2.292269       971.9800    
   2.239810       1025.130       2.194767       1214.960       2.037601    
   1525.760       1.798952       2050.270       1.445502       2050.280    
   1.441498       2624.300       1.115898       3644.700      0.6466010    
   3644.800      0.6397771       4165.600      0.4417693       4859.800    
  0.2074878       5695.100     -3.9078202E-02   5695.200     -3.9493475E-02
   6560.800     -0.2635891       8200.800     -0.6229880       8200.900    
 -0.6233986       10498.00      -1.028289       14579.00      -1.575531    
   14580.00      -1.575191       18744.00      -1.999000       22779.00    
  -2.329545       22780.00      -2.329583       45208.00      -3.502906    
