  MIHALAS PLANE-PARALLEL  LTE      MODEL
      TEMPERATURE =  35000.0   LOG G =   3.3000
    45
   113.9000      -10.56352       133.1800      -8.212955       160.3100    
  -5.917197       160.3200      -5.815252       188.1900      -4.198869    
   227.8100      -2.639222       227.8200      -2.230460       258.4400    
  -1.417595       258.4500       1.446771       314.7400       1.564821    
   402.4100       1.674187       402.4200       1.689365       447.5000    
   1.732338       503.9700       1.780315       503.9800       1.992698    
   577.7400       2.010460       676.8200       2.009378       740.3000    
   1.998709       816.9200       1.978365       861.5000       1.963414    
   911.2200       1.944678       911.2300       2.201469       971.9800    
   2.155010       1025.130       2.114767       1214.960       1.972001    
   1525.760       1.748952       2050.270       1.412302       2050.280    
   1.409898       2624.300       1.094698       3644.700      0.6366010    
   3644.800      0.6297771       4165.600      0.4353693       4859.800    
  0.2046878       5695.100     -3.8678210E-02   5695.200     -3.8693488E-02
   6560.800     -0.2599891       8200.800     -0.6161880       8200.900    
 -0.6169986       10498.00      -1.018289       14579.00      -1.562731    
   14580.00      -1.562391       18744.00      -1.984200       22779.00    
  -2.314345       22780.00      -2.313983       45208.00      -3.485306    
