  MIHALAS PLANE-PARALLEL  LTE      MODEL
      TEMPERATURE =  40000.0   LOG G =   4.5000
    45
   113.9000      -9.240725       133.1800      -7.084154       160.3100    
  -4.986398       160.3200      -4.934451       188.1900      -3.460068    
   227.8100      -2.042821       227.8200      -1.658059       258.4400    
 -0.9223951       258.4500       1.905571       314.7400       1.834421    
   402.4100       1.756987       402.4200       1.788965       447.5000    
   1.794338       503.9700       1.828715       503.9800       2.165898    
   577.7400       2.140060       676.8200       2.104178       740.3000    
   2.078709       816.9200       2.043965       861.5000       2.022214    
   911.2200       1.996678       911.2300       2.487069       971.9800    
   2.420210       1025.130       2.363167       1214.960       2.168801    
   1525.760       1.884952       2050.270       1.485902       2050.280    
   1.499898       2624.300       1.142698       3644.700       1.045401    
   3644.800      0.6721771       4165.600      0.4617693       4859.800    
  0.2154877       5695.100     -4.1078199E-02   5695.200     -3.9893515E-02
   6560.800     -0.2715891       8200.800     -0.6397880       8200.900    
 -0.6353986       10498.00      -1.048689       14579.00      -1.603131    
   14580.00      -1.601991       18744.00      -2.029400       22779.00    
  -2.362345       22780.00      -2.361983       45208.00      -3.539706    
