  MIHALAS PLANE-PARALLEL  LTE      MODEL
      TEMPERATURE =  17500.0   LOG G =   3.0000
    45
   113.9000      -26.62352       133.1800      -26.75935       160.3100    
  -26.92040       160.3200      -26.92045       188.1900      -27.05967    
   227.8100      -18.04802       258.4400      -15.28559       258.4500    
  -15.28523       314.7400      -11.67238       402.4000      -8.162592    
   402.4100      -8.159814       447.5000      -6.926862       503.9700    
  -5.720886       503.9800      -4.848103       577.7400      -3.855541    
   676.8200      -2.902222       740.3000      -2.442491       816.9200    
  -1.996035       861.5000      -1.778586       911.2200      -1.565322    
   911.2300       1.515869       1118.320       1.433192       1447.240    
   1.267643       1696.760       1.137884       2050.270      0.9643025    
   2050.280      0.9642981       2624.300      0.7174975       3644.700    
  0.3642010       3644.800      0.5893770       4339.100      0.3519252    
   4859.800      0.1926878       5695.100     -3.5878193E-02   5695.200    
 -3.5893489E-02   6560.800     -0.2443891       8200.800     -0.5809880    
   8200.900     -0.5425986       10001.00     -0.8553624       12814.00    
  -1.252245       14579.00      -1.461531       14580.00      -1.450791    
   18744.00      -1.864600       22779.00      -2.188745       22780.00    
  -2.185183       40502.00      -3.154229       3030303.      -10.62785    
