  MIHALAS PLANE-PARALLEL  LTE      MODEL
      TEMPERATURE =  20000.0   LOG G =   4.0000
    45
   113.9000      -26.62352       133.1800      -26.75935       160.3100    
  -26.92040       160.3200      -26.92045       188.1900      -27.05967    
   227.8100      -15.90162       258.4400      -13.40560       258.4500    
  -13.40563       314.7400      -10.14518       402.4000      -6.986991    
   402.4100      -6.983813       447.5000      -5.878063       503.9700    
  -4.799285       503.9800      -3.940103       577.7400      -3.075940    
   676.8200      -2.249022       740.3000      -1.851691       816.9200    
  -1.468035       861.5000      -1.281386       911.2200      -1.099722    
   911.2300       1.843868       1118.320       1.670792       1447.240    
   1.427243       1696.760       1.265084       2050.270       1.063102    
   2050.280       1.063098       2624.300      0.7890975       3644.700    
  0.4062010       3644.800      0.6157771       4339.100      0.3651251    
   4859.800      0.1990878       5695.100     -3.7478197E-02   5695.200    
 -3.7493497E-02   6560.800     -0.2515891       8200.800     -0.5953880    
   8200.900     -0.5593986       10001.00     -0.8773624       12814.00    
  -1.279045       14579.00      -1.490331       14580.00      -1.480791    
   18744.00      -1.897800       22779.00      -2.223945       22780.00    
  -2.220383       40502.00      -3.193429       3030303.      -10.67665    
