  MIHALAS PLANE-PARALLEL  LTE      MODEL
      TEMPERATURE =  55000.0   LOG G =   4.0000
    45
   113.9000      -4.775924       133.1800      -3.277354       160.3100    
  -1.818397       160.3200      -1.483651       188.1900     -0.5420690    
   227.8100      0.3463786       227.8200       2.602741       258.4400    
   2.582405       258.4500       2.970371       314.7400       2.979221    
   402.4100       2.940187       402.4200       2.940166       447.5000    
   2.906338       503.9700       2.856715       503.9800       2.856698    
   577.7400       2.784060       676.8200       2.680178       740.3000    
   2.612309       816.9200       2.531165       861.5000       2.484214    
   911.2200       2.432678       911.2300       2.496269       971.9800    
   2.430610       1025.130       2.374367       1214.960       2.185201    
   1525.760       1.908952       2050.270       1.516302       2050.280    
   1.375898       2624.300      0.9518976       3644.700      0.6638010    
   3644.800      0.5725770       4165.600      0.3473693       4859.800    
  9.6727774E-02   5695.100     -4.0678207E-02   5695.200     -0.1474935    
   6560.800     -0.4431891       8200.800     -0.6369880       8200.900    
 -0.8329986       10498.00      -1.315489       14579.00      -1.600331    
   14580.00      -1.808791       18744.00      -2.190600       22779.00    
  -2.359945       22780.00      -2.943183       45208.00      -7.190506    
