  MIHALAS PLANE-PARALLEL  LTE      MODEL
      TEMPERATURE =  55000.0   LOG G =   4.5000
    45
   113.9000      -5.237524       133.1800      -3.681753       160.3100    
  -2.163597       160.3200      -1.903251       188.1900     -0.8912691    
   227.8100      6.2778749E-02   227.8200       1.705141       258.4400    
   1.618405       258.4500       2.987571       314.7400       2.990021    
   402.4100       2.930987       402.4200       2.930965       447.5000    
   2.885938       503.9700       2.823915       503.9800       2.825898    
   577.7400       2.741260       676.8200       2.628178       740.3000    
   2.557509       816.9200       2.474766       861.5000       2.427814    
   911.2200       2.376278       911.2300       2.603468       971.9800    
   2.531010       1025.130       2.469567       1214.960       2.262801    
   1525.760       1.963752       2050.270       1.545102       2050.280    
   1.553098       2624.300       1.183098       3644.700      0.6706010    
   3644.800      0.6829771       4165.600      0.4689693       4859.800    
  0.2186878       5695.100     -4.1878209E-02   5695.200     -4.0693503E-02
   6560.800     -0.2751891       8200.800     -0.6473880       8200.900    
 -0.6453986       10498.00      -1.061489       14579.00      -1.618731    
   14580.00      -1.618391       18744.00      -2.047400       22779.00    
  -2.381145       22780.00      -2.381183       45208.00      -3.560906    
