  MIHALAS PLANE-PARALLEL  LTE      MODEL
      TEMPERATURE =  35000.0   LOG G =   4.0000
    45
   113.9000      -12.16752       133.1800      -9.556954       160.3100    
  -7.013197       160.3200      -6.998452       188.1900      -5.202868    
   227.8100      -3.467221       227.8200      -3.236460       258.4400    
  -2.293195       258.4500      0.3399714       314.7400      8.8204937E-03
   402.4100      0.3465869       402.4200      0.4825652       447.5000    
  0.6943384       503.9700      0.9263151       503.9800       1.760298    
   577.7400       1.753660       676.8200       1.745778       740.3000    
   1.738709       816.9200       1.726766       861.5000       1.717814    
   911.2200       1.665878       911.2300       2.375068       971.9800    
   2.317810       1025.130       2.267967       1214.960       2.094401    
   1525.760       1.832552       2050.270       1.453502       2050.280    
   1.463498       2624.300       1.117098       3644.700      0.6286010    
   3644.800      0.6653771       4165.600      0.4577693       4859.800    
  0.2142878       5695.100     -4.0678207E-02   5695.200     -4.0293496E-02
   6560.800     -0.2707891       8200.800     -0.6381880       8200.900    
 -0.6305985       10498.00      -1.043889       14579.00      -1.598731    
   14580.00      -1.596391       18744.00      -2.024600       22779.00    
  -2.357945       22780.00      -2.357183       45208.00      -3.535707    
