  MIHALAS PLANE-PARALLEL  LTE      MODEL
      TEMPERATURE =  25000.0   LOG G =   4.0000
    45
   113.9000      -26.62352       133.1800      -26.75935       160.3100    
  -26.92040       160.3200      -26.92045       188.1900      -27.05967    
   227.8100      -11.71762       258.4400      -9.748796       258.4500    
  -9.739229       314.7400      -7.171180       402.4000      -4.698992    
   402.4100      -4.675414       447.5000      -3.820462       503.9700    
  -2.991685       503.9800      -2.075302       577.7400      -1.507140    
   676.8200     -0.9518220       740.3000     -0.6840910       816.9200    
 -0.4272347       861.5000     -0.3033862       911.2200     -0.1841222    
   911.2300       2.169469       1118.320       1.965193       1447.240    
   1.677243       1696.760       1.487484       2050.270       1.253102    
   2050.280       1.253098       2624.300      0.9366975       3644.700    
  0.4986010       3644.800      0.6437771       4339.100      0.3807252    
   4859.800      0.2070878       5695.100     -3.9078202E-02   5695.200    
 -3.9093498E-02   6560.800     -0.2615892       8200.800     -0.6165880    
   8200.900     -0.5913986       10001.00     -0.9157624       12814.00    
  -1.325045       14579.00      -1.539531       14580.00      -1.532791    
   18744.00      -1.955000       22779.00      -2.284745       22780.00    
  -2.282383       40502.00      -3.265429       3030303.      -10.75585    
