  MIHALAS PLANE-PARALLEL  LTE      MODEL
      TEMPERATURE =  15000.0   LOG G =   3.0000
    45
   113.9000      -26.62352       133.1800      -26.75935       160.3100    
  -26.92040       160.3200      -26.92045       188.1900      -27.05967    
   227.8100      -27.22562       258.4400      -27.33520       258.4500    
  -27.33523       314.7400      -27.50638       402.4000      -27.71979    
   402.4100      -27.71981       447.5000      -27.81206       503.9700    
  -27.91529       503.9800      -6.143302       577.7400      -4.971141    
   676.8200      -3.840222       740.3000      -3.292091       816.9200    
  -2.757235       861.5000      -2.495387       911.2200      -2.237722    
   911.2300       1.258268       1118.320       1.204792       1447.240    
   1.067643       1696.760      0.9542837       2050.270      0.8015024    
   2050.280      0.8014981       2624.300      0.5866976       3644.700    
  0.2802010       3644.800      0.5705770       4339.100      0.3415252    
   4859.800      0.1870878       5695.100     -3.4678206E-02   5695.200    
 -3.4693491E-02   6560.800     -0.2379891       8200.800     -0.5661880    
   8200.900     -0.5169985       10001.00     -0.8253624       12814.00    
  -1.217445       14579.00      -1.424331       14580.00      -1.410791    
   18744.00      -1.821800       22779.00      -2.143945       22780.00    
  -2.139183       40502.00      -3.103829       3030303.      -10.55985    
