 mihalis model (october '85) 27500 k log g 4.5                                  
 Written in SPECTRUM 2 format                                                  
        38
  2.27806E+02 -6.75673E+00     2.58442E+02 -7.55313E+00     3.14744E+02 -5.68111E+00
  4.02406E+02 -3.96813E+00     4.47497E+02 -3.40118E+00     5.03971E+02 -2.87081E+00
  5.03971E+02 -1.27561E+00     5.77744E+02 -8.80672E-01     6.76823E+02 -4.80551E-01
  7.40302E+02 -2.90818E-01     8.16920E+02 -1.14359E-01     8.61497E+02 -3.25075E-02
  9.11228E+02  4.39459E-02     9.11228E+02  2.33875E+00     1.11832E+03  2.10367E+00
  1.44724E+03  1.78412E+00     1.69676E+03  1.57956E+00     2.05027E+03  1.33118E+00
  2.05027E+03  1.33118E+00     2.62433E+03  9.99564E-01     3.64485E+03  5.44242E-01
  3.64485E+03  6.67042E-01     4.33915E+03  3.97991E-01     4.85979E+03  2.20764E-01
  5.69508E+03 -2.94004E-02     5.69508E+03 -2.94004E-02     6.56082E+03 -2.54716E-01
  8.20075E+03 -6.14108E-01     8.20075E+03 -5.92108E-01     1.00010E+04 -9.18887E-01
  1.28139E+04 -1.33057E+00     1.45794E+04 -1.54628E+00     1.45794E+04 -1.54028E+00
  1.87441E+04 -1.96413E+00     2.27790E+04 -2.29427E+00     2.27790E+04 -2.29227E+00
  4.05022E+04 -3.27456E+00     3.03030E+06 -1.06838E+01
