 C	NON-LTE SURFACE FLUXES FROM AUER-MIHALAS MODELS                              
  TEFF= 70000  LOG G= 6.5   Y=10%   NLTE LINES MODEL                            
 811
   117.0000      -14.97756       127.0000      -14.34547       137.0000    
  -13.82009       147.0000      -13.37975       157.0000      -13.00807    
   167.0000      -12.69244       177.0001      -12.42305       187.0001    
  -12.19211       197.0000      -11.99339       207.0000      -11.82186    
   217.0001      -11.67340       227.0000      -11.54462       233.0000    
  -8.321795       243.0000      -8.351646       253.0000      -8.381313    
   263.0000      -8.410703       273.0000      -8.439743       283.0001    
  -8.468376       293.0000      -8.496562       303.0000      -8.524267    
   313.0001      -8.551468       323.0000      -8.578147       333.0000    
  -8.604303       342.9999      -8.629936       353.0001      -8.655052    
   363.0001      -8.679654       373.0001      -8.703751       383.0002    
  -8.727349       393.0002      -8.750458       403.0002      -8.773085    
   413.0001      -8.795242       423.0000      -8.816947       433.0001    
  -8.838214       443.0001      -8.859060       452.9999      -8.879501    
   463.0002      -8.899550       473.0001      -8.919220       482.9999    
  -8.938524       493.0001      -8.957477       503.0002      -8.976086    
   511.0001      -8.990354       521.0002      -9.008593       531.0001    
  -9.026518       541.0002      -9.044146       550.9999      -9.061491    
   561.0000      -9.078566       571.0001      -9.095382       581.0000    
  -9.111952       591.0002      -9.128287       600.9999      -9.144396    
   611.0004      -9.160290       621.0002      -9.175976       630.9999    
  -9.191463       641.0001      -9.206759       651.0004      -9.221873    
   661.0002      -9.236810       671.0002      -9.251576       681.0003    
  -9.266180       690.9999      -9.280625       701.0002      -9.294918    
   711.0000      -9.309063       721.0002      -9.323065       730.9999    
  -9.336927       741.0004      -9.350657       750.9999      -9.364254    
   761.0004      -9.377726       771.0001      -9.391075       781.0005    
  -9.404306       790.9999      -9.417422       801.0002      -9.430429    
   811.0001      -9.443327       820.9999      -9.456120       831.0004    
  -9.468813       841.0002      -9.481406       851.0004      -9.493904    
   860.9998      -9.506306       871.0001      -9.518618       881.0004    
  -9.530840       891.0001      -9.542974       901.0005      -9.555022    
   911.0001      -9.566987       911.9999      -9.252749       922.0001    
  -9.268229       932.0000      -9.283537       942.0002      -9.298680    
   952.0001      -9.313665       961.9999      -9.328503       972.0002    
  -9.343198       981.9999      -9.357759       992.0001      -9.372192    
   1002.000      -9.386504       1012.000      -9.400701       1022.000    
  -9.414786       1032.000      -9.428767       1042.000      -9.442647    
   1052.000      -9.456425       1062.000      -9.470102       1072.000    
  -9.483679       1082.000      -9.497156       1092.000      -9.510535    
   1102.000      -9.523816       1112.000      -9.537001       1122.000    
  -9.550089       1132.000      -9.563080       1142.000      -9.575978    
   1152.000      -9.588781       1162.000      -9.601492       1172.000    
  -9.614109       1182.000      -9.626636       1192.000      -9.639071    
   1202.000      -9.651417       1212.000      -9.663672       1222.001    
  -9.675840       1232.000      -9.687920       1242.000      -9.699913    
   1252.000      -9.711823       1262.000      -9.723647       1272.000    
  -9.735390       1282.000      -9.747050       1292.000      -9.758632    
   1302.000      -9.770134       1312.000      -9.781558       1322.000    
  -9.792906       1332.000      -9.804176       1342.000      -9.815372    
   1352.000      -9.826495       1362.000      -9.837545       1372.000    
  -9.848523       1382.000      -9.859431       1392.000      -9.870269    
   1402.000      -9.881037       1412.000      -9.891736       1422.000    
  -9.902369       1432.000      -9.912936       1442.000      -9.923436    
   1452.001      -9.933872       1462.000      -9.944244       1472.000    
  -9.954555       1482.001      -9.964801       1492.001      -9.974986    
   1502.000      -9.985110       1512.000      -9.995174       1522.000    
  -10.00518       1532.000      -10.01513       1542.000      -10.02501    
   1552.000      -10.03484       1562.001      -10.04462       1572.000    
  -10.05434       1582.000      -10.06400       1592.000      -10.07361    
   1602.000      -10.08316       1612.000      -10.09266       1622.000    
  -10.10211       1632.000      -10.11151       1642.000      -10.12085    
   1652.000      -10.13015       1662.000      -10.13939       1672.000    
  -10.14858       1682.000      -10.15772       1692.000      -10.16682    
   1702.000      -10.17587       1712.000      -10.18486       1722.000    
  -10.19382       1732.001      -10.20272       1742.000      -10.21158    
   1752.001      -10.22039       1762.000      -10.22916       1772.001    
  -10.23788       1782.001      -10.24656       1792.000      -10.25519    
   1802.001      -10.26378       1812.000      -10.27233       1822.000    
  -10.28084       1832.001      -10.28930       1842.001      -10.29772    
   1852.000      -10.30610       1862.000      -10.31444       1872.000    
  -10.32274       1882.001      -10.33099       1892.001      -10.33921    
   1902.000      -10.34739       1912.001      -10.35553       1922.000    
  -10.36363       1932.000      -10.37170       1942.000      -10.37972    
   1952.000      -10.38771       1962.000      -10.39566       1972.000    
  -10.40358       1982.000      -10.41145       1992.000      -10.41930    
   2002.000      -10.42710       2012.000      -10.43487       2022.001    
  -10.44261       2032.000      -10.45031       2042.000      -10.45797    
   2051.000      -10.45121       2061.000      -10.45889       2071.001    
  -10.46653       2081.001      -10.47414       2091.000      -10.48171    
   2101.001      -10.48925       2111.001      -10.49676       2121.001    
  -10.50424       2131.000      -10.51167       2141.000      -10.51908    
   2151.001      -10.52646       2161.001      -10.53380       2171.000    
  -10.54111       2181.000      -10.54839       2191.000      -10.55564    
   2201.000      -10.56285       2211.000      -10.57004       2221.000    
  -10.57720       2231.000      -10.58432       2241.000      -10.59142    
   2251.001      -10.59848       2261.001      -10.60552       2271.001    
  -10.61252       2281.001      -10.61950       2291.000      -10.62645    
   2301.001      -10.63337       2311.000      -10.64026       2321.000    
  -10.64713       2331.000      -10.65396       2341.001      -10.66078    
   2351.001      -10.66756       2361.000      -10.67431       2371.000    
  -10.68104       2381.001      -10.68774       2391.000      -10.69441    
   2401.001      -10.70106       2411.001      -10.70769       2421.000    
  -10.71428       2431.001      -10.72085       2441.001      -10.72740    
   2451.001      -10.73392       2461.000      -10.74041       2471.000    
  -10.74688       2481.000      -10.75333       2491.000      -10.75975    
   2501.001      -10.76615       2511.000      -10.77252       2521.000    
  -10.77887       2531.002      -10.78520       2541.000      -10.79150    
   2551.001      -10.79778       2561.000      -10.80403       2571.000    
  -10.81027       2581.000      -10.81648       2591.001      -10.82267    
   2601.000      -10.82883       2611.000      -10.83497       2621.000    
  -10.84109       2631.001      -10.84719       2641.000      -10.85327    
   2651.001      -10.85932       2661.001      -10.86536       2671.000    
  -10.87137       2681.001      -10.87736       2691.000      -10.88333    
   2701.000      -10.88928       2711.000      -10.89521       2721.000    
  -10.90112       2731.000      -10.90701       2741.000      -10.91287    
   2751.000      -10.91872       2761.001      -10.92455       2771.001    
  -10.93036       2781.000      -10.93614       2791.001      -10.94191    
   2801.000      -10.94766       2811.000      -10.95339       2821.001    
  -10.95910       2831.000      -10.96479       2841.001      -10.97046    
   2851.000      -10.97612       2861.000      -10.98175       2871.001    
  -10.98737       2881.001      -10.99297       2891.002      -10.99855    
   2901.000      -11.00411       2911.001      -11.00965       2921.002    
  -11.01518       2931.001      -11.02069       2941.001      -11.02618    
   2951.002      -11.03165       2961.000      -11.03710       2971.001    
  -11.04254       2981.001      -11.04796       2990.999      -11.05337    
   3000.999      -11.05875       3011.001      -11.06412       3021.000    
  -11.06948       3031.002      -11.07481       3040.999      -11.08013    
   3051.000      -11.08543       3061.001      -11.09072       3071.000    
  -11.09599       3081.001      -11.10125       3091.001      -11.10649    
   3101.002      -11.11171       3111.001      -11.11692       3121.001    
  -11.12211       3131.001      -11.12728       3141.002      -11.13244    
   3151.001      -11.13758       3161.000      -11.14271       3170.999    
  -11.14783       3181.000      -11.15293       3191.000      -11.15801    
   3201.000      -11.16308       3211.001      -11.16813       3220.999    
  -11.17317       3231.002      -11.17819       3241.002      -11.18320    
   3251.000      -11.18820       3261.001      -11.19318       3270.999    
  -11.19814       3281.000      -11.20310       3290.999      -11.20803    
   3301.002      -11.21296       3311.000      -11.21787       3321.001    
  -11.22276       3331.000      -11.22764       3341.000      -11.23251    
   3351.000      -11.23736       3361.002      -11.24221       3371.001    
  -11.24703       3381.001      -11.25185       3391.002      -11.25665    
   3401.000      -11.26143       3411.000      -11.26620       3421.003    
  -11.27097       3431.000      -11.27571       3441.001      -11.28045    
   3451.000      -11.28517       3461.001      -11.28988       3471.000    
  -11.29457       3481.001      -11.29925       3491.000      -11.30392    
   3501.000      -11.30858       3511.000      -11.31323       3520.999    
  -11.31786       3531.001      -11.32248       3541.002      -11.32709    
   3551.002      -11.33168       3560.999      -11.33627       3571.001    
  -11.34084       3581.001      -11.34540       3591.000      -11.34994    
   3601.000      -11.35448       3611.001      -11.35900       3621.000    
  -11.36351       3631.001      -11.36801       3641.002      -11.37250    
   3646.002      -11.35634       3656.002      -11.36086       3666.003    
  -11.36536       3676.000      -11.36985       3686.001      -11.37433    
   3696.003      -11.37880       3706.001      -11.38325       3715.998    
  -11.38769       3726.000      -11.39213       3736.001      -11.39655    
   3746.001      -11.40096       3756.000      -11.40536       3766.000    
  -11.40974       3776.001      -11.41412       3786.000      -11.41848    
   3796.000      -11.42284       3806.001      -11.42718       3815.999    
  -11.43151       3826.003      -11.43583       3836.001      -11.44014    
   3846.003      -11.44444       3855.998      -11.44873       3866.000    
  -11.45301       3876.001      -11.45728       3886.002      -11.46153    
   3896.001      -11.46578       3906.002      -11.47001       3916.001    
  -11.47424       3926.000      -11.47845       3936.002      -11.48266    
   3946.000      -11.48685       3956.001      -11.49103       3966.000    
  -11.49520       3976.001      -11.49937       3986.000      -11.50352    
   3996.000      -11.50766       4006.000      -11.51180       4015.999    
  -11.51592       4026.001      -11.52003       4035.999      -11.52414    
   4046.000      -11.52823       4056.003      -11.53231       4066.002    
  -11.53639       4075.999      -11.54045       4086.002      -11.54451    
   4096.005      -11.54855       4106.001      -11.55259       4116.003    
  -11.55661       4126.005      -11.56063       4136.004      -11.56464    
   4146.002      -11.56864       4156.001      -11.57262       4166.002    
  -11.57660       4176.002      -11.58057       4186.002      -11.58454    
   4196.004      -11.58849       4206.004      -11.59243       4216.002    
  -11.59636       4226.001      -11.60029       4236.005      -11.60421    
   4246.002      -11.60811       4256.005      -11.61201       4266.005    
  -11.61590       4276.005      -11.61978       4286.002      -11.62365    
   4296.005      -11.62751       4306.004      -11.63137       4316.003    
  -11.63521       4326.004      -11.63905       4336.004      -11.64288    
   4346.002      -11.64670       4356.000      -11.65051       4366.003    
  -11.65431       4376.004      -11.65811       4386.002      -11.66189    
   4396.001      -11.66567       4406.004      -11.66944       4416.002    
  -11.67320       4426.004      -11.67696       4436.002      -11.68070    
   4446.003      -11.68444       4456.001      -11.68817       4466.003    
  -11.69189       4476.003      -11.69560       4486.002      -11.69931    
   4496.002      -11.70300       4506.005      -11.70669       4516.002    
  -11.71037       4526.002      -11.71404       4536.004      -11.71771    
   4546.003      -11.72137       4556.004      -11.72502       4566.005    
  -11.72866       4576.005      -11.73229       4586.004      -11.73592    
   4596.004      -11.73954       4606.004      -11.74315       4616.003    
  -11.74675       4626.003      -11.75035       4636.002      -11.75394    
   4646.005      -11.75752       4656.004      -11.76109       4666.003    
  -11.76466       4676.004      -11.76822       4686.003      -11.77177    
   4696.003      -11.77532       4706.006      -11.77885       4716.002    
  -11.78238       4726.006      -11.78591       4736.002      -11.78942    
   4746.005      -11.79293       4756.005      -11.79643       4766.002    
  -11.79992       4776.005      -11.80341       4786.002      -11.80689    
   4796.004      -11.81037       4806.004      -11.81383       4816.001    
  -11.81729       4826.002      -11.82074       4836.004      -11.82419    
   4846.004      -11.82763       4856.007      -11.83106       4866.006    
  -11.83448       4876.002      -11.83790       4886.005      -11.84131    
   4896.006      -11.84472       4906.004      -11.84811       4916.001    
  -11.85150       4926.002      -11.85489       4936.005      -11.85827    
   4946.006      -11.86164       4956.005      -11.86500       4966.003    
  -11.86836       4976.005      -11.87171       4986.005      -11.87506    
   4996.006      -11.87839       5006.002      -11.88173       5016.004    
  -11.88505       5026.002      -11.88837       5036.006      -11.89168    
   5046.004      -11.89499       5056.006      -11.89829       5066.005    
  -11.90158       5076.002      -11.90487       5086.002      -11.90815    
   5096.005      -11.91143       5106.002      -11.91470       5116.005    
  -11.91796       5126.005      -11.92122       5136.002      -11.92447    
   5146.004      -11.92771       5156.006      -11.93095       5166.002    
  -11.93418       5176.003      -11.93741       5186.003      -11.94063    
   5196.003      -11.94384       5206.005      -11.94705       5216.003    
  -11.95025       5226.006      -11.95345       5236.003      -11.95664    
   5246.004      -11.95982       5256.004      -11.96300       5266.006    
  -11.96618       5276.003      -11.96934       5286.005      -11.97250    
   5296.006      -11.97566       5306.005      -11.97881       5316.003    
  -11.98195       5326.005      -11.98509       5336.005      -11.98822    
   5346.003      -11.99135       5356.000      -11.99447       5366.001    
  -11.99759       5376.005      -12.00070       5386.002      -12.00380    
   5396.002      -12.00690       5406.003      -12.00999       5416.005    
  -12.01308       5426.004      -12.01616       5436.004      -12.01924    
   5446.005      -12.02231       5456.006      -12.02538       5466.007    
  -12.02844       5476.002      -12.03149       5486.001      -12.03454    
   5496.003      -12.03759       5506.002      -12.04063       5516.004    
  -12.04366       5526.003      -12.04669       5536.005      -12.04971    
   5546.001      -12.05273       5556.002      -12.05574       5566.003    
  -12.05875       5576.004      -12.06175       5586.005      -12.06475    
   5596.001      -12.06774       5606.007      -12.07073       5616.003    
  -12.07371       5626.004      -12.07668       5636.004      -12.07966    
   5646.004      -12.08262       5656.002      -12.08558       5666.006    
  -12.08854       5676.006      -12.09149       5686.002      -12.09444    
   5701.005      -12.09764       5711.007      -12.10058       5721.004    
  -12.10351       5731.004      -12.10643       5741.001      -12.10936    
   5751.001      -12.11227       5761.005      -12.11518       5771.008    
  -12.11809       5781.006      -12.12099       5791.002      -12.12389    
   5801.003      -12.12678       5811.001      -12.12967       5821.001    
  -12.13255       5831.003      -12.13543       5841.005      -12.13830    
   5851.005      -12.14117       5861.003      -12.14403       5871.006    
  -12.14689       5881.003      -12.14974       5891.007      -12.15259    
   5901.005      -12.15543       5911.008      -12.15827       5921.004    
  -12.16111       5931.001      -12.16394       5941.006      -12.16676    
   5951.001      -12.16958       5961.006      -12.17240       5971.005    
  -12.17521       5981.002      -12.17802       5991.005      -12.18082    
   6001.005      -12.18362       6011.005      -12.18641       6021.006    
  -12.18920       6031.006      -12.19198       6041.007      -12.19476    
   6051.004      -12.19753       6061.008      -12.20031       6071.001    
  -12.20307       6081.005      -12.20583       6091.005      -12.20859    
   6101.004      -12.21134       6111.004      -12.21409       6121.006    
  -12.21683       6131.001      -12.21957       6141.002      -12.22231    
   6151.002      -12.22504       6161.006      -12.22776       6171.002    
  -12.23048       6181.004      -12.23320       6191.001      -12.23592    
   6201.005      -12.23863       6211.001      -12.24133       6221.003    
  -12.24403       6231.001      -12.24673       6241.004      -12.24942    
   6251.006      -12.25211       6261.007      -12.25479       6271.004    
  -12.25747       6281.006      -12.26015       6291.003      -12.26281    
   6301.005      -12.26548       6311.003      -12.26814       6321.007    
  -12.27080       6331.005      -12.27346       6341.005      -12.27611    
   6351.000      -12.27875       6361.004      -12.28140       6371.003    
  -12.28403       6381.007      -12.28667       6391.005      -12.28930    
   6401.002      -12.29192       6411.003      -12.29455       6421.003    
  -12.29716       6431.004      -12.29978       6441.003      -12.30239    
   6451.004      -12.30500       6461.002      -12.30760       6471.005    
  -12.31020       6481.002      -12.31279       6491.004      -12.31538    
   6501.004      -12.31797       6511.004      -12.32055       6521.006    
  -12.32313       6531.005      -12.32570       6541.005      -12.32827    
   6551.006      -12.33084       6561.001      -12.33340       6571.004    
  -12.33596       6581.004      -12.33852       6591.004      -12.34107    
   6601.006      -12.34362       6611.004      -12.34616       6621.003    
  -12.34870       6631.003      -12.35124       6641.007      -12.35377    
   6651.003      -12.35630       6661.004      -12.35883       6671.006    
  -12.36135       6681.000      -12.36387       6691.006      -12.36638    
   6701.005      -12.36889       6711.003      -12.37140       6721.006    
  -12.37391       6731.005      -12.37640       6741.001      -12.37890    
   6751.007      -12.38139       6761.007      -12.38388       6771.010    
  -12.38637       6781.005      -12.38885       6791.004      -12.39133    
   6801.002      -12.39380       6811.005      -12.39627       6821.003    
  -12.39874       6831.001      -12.40120       6841.002      -12.40366    
   6851.007      -12.40612       6861.003      -12.40858       6871.007    
  -12.41103       6881.006      -12.41347       6891.001      -12.41591    
   6901.007      -12.41835       6911.005      -12.42079       6921.001    
  -12.42322       6931.001      -12.42565       6941.004      -12.42808    
   6951.006      -12.43050       6961.004      -12.43292       6971.000    
  -12.43533       6981.007      -12.43775       6991.009      -12.44016    
   7001.003      -12.44256       7011.003      -12.44496       7021.009    
  -12.44736       7031.003      -12.44976       7041.003      -12.45215    
   7051.006      -12.45454       7061.008      -12.45692       7071.008    
  -12.45930       7081.003      -12.46168       7091.004      -12.46406    
   7101.004      -12.46643       7111.007      -12.46880       7121.003    
  -12.47116       7131.007      -12.47353       7141.004      -12.47589    
   7151.004      -12.47824       7161.006      -12.48060       7171.006    
  -12.48294       7181.004      -12.48529       7191.001      -12.48763    
   7201.007      -12.48997       7211.008      -12.49231       7221.007    
  -12.49464       7231.007      -12.49698       7241.006      -12.49930    
   7251.002      -12.50163       7261.005      -12.50395       7271.001    
  -12.50626       7281.007      -12.50858       7291.006      -12.51089    
   7301.008      -12.51320       7311.003      -12.51550       7321.003    
  -12.51781       7331.006      -12.52011       7341.006      -12.52240    
   7351.003      -12.52470       7361.006      -12.52699       7371.002    
  -12.52927       7381.004      -12.53156       7391.007      -12.53384    
   7401.007      -12.53612       7411.001      -12.53839       7421.004    
  -12.54066       7431.004      -12.54293       7441.001      -12.54520    
   7451.008      -12.54746       7461.003      -12.54972       7471.008    
  -12.55198       7481.006      -12.55423       7491.005      -12.55648    
   7501.009      -12.55873       7511.010      -12.56098       7521.007    
  -12.56322       7531.006      -12.56546       7541.009      -12.56769    
   7551.005      -12.56993       7561.006      -12.57216       7571.008    
  -12.57439       7581.007      -12.57661       7591.006      -12.57883    
   7601.001      -12.58105       7611.006      -12.58327       7621.007    
  -12.58548       7631.004      -12.58769       7641.007      -12.58990    
   7651.009      -12.59211       7661.004      -12.59431       7671.007    
  -12.59651       7681.007      -12.59870       7691.003      -12.60090    
   7701.008      -12.60309       7711.009      -12.60528       7721.001    
  -12.60746       7731.007      -12.60964       7741.004      -12.61182    
   7751.005      -12.61400       7761.007      -12.61618       7771.005    
  -12.61835       7781.002      -12.62052       7791.004      -12.62268    
   7801.002      -12.62485       7811.000      -12.62701       7821.006    
  -12.62917       7831.008      -12.63132       7841.005      -12.63347    
   7851.011      -12.63562       7861.004      -12.63777       7871.005    
  -12.63991       7881.006      -12.64206       7891.002      -12.64420    
   7901.002      -12.64633       7911.006      -12.64847       7921.002    
  -12.65060       7931.005      -12.65273       7941.008      -12.65485    
   7951.006      -12.65698       7961.004      -12.65910       7971.001    
  -12.66121       7981.006      -12.66333       7991.006      -12.66544    
   8001.010      -12.66756       8011.005      -12.66966       8021.003    
  -12.67177       8031.009      -12.67387       8041.011      -12.67597    
   8051.006      -12.67807       8061.010      -12.68017       8071.000    
  -12.68225       8081.006      -12.68435       8091.008      -12.68643    
   8101.008      -12.68852       8111.002      -12.69060       8121.001    
  -12.69268       8131.007      -12.69476       8141.007      -12.69683    
   8151.007      -12.69891       8161.009      -12.70098       8171.011    
  -12.70304       8181.007      -12.70511       8191.006      -12.70717    
   8201.004      -12.70923    
