  MIHALAS PLANE-PARALLEL NON-LTE   MODEL
      TEMPERATURE =  50000.0   LOG G =   9.0000
    43
   113.9000      -5.733643       133.1800      -4.233114       160.3100    
  -2.863237       188.1900      -1.971309       227.8100      -1.180901    
   227.8200       2.729301       258.4400       2.769125       314.7400    
   2.782701       402.4100       2.730827       447.5000       2.691539    
   503.9700       2.639715       503.9800       2.639658       577.7400    
   2.567140       676.8200       2.473658       740.3000       2.416109    
   816.9200       2.348526       861.5000       2.309934       911.2200    
   2.267438       911.2300       2.582789       971.9800       2.510970    
   1025.130       2.449687       1214.960       2.242961       1525.760    
   1.942672       2050.270       1.522623       2050.280       1.537978    
   2624.300       1.166298       3644.700      0.6503609       3644.800    
  0.6826171       4165.600      0.4684094       4859.800      0.2183278    
   5695.100     -4.1638222E-02   5695.200     -3.9733503E-02   6560.800    
 -0.2735491       8200.800     -0.6453080       8200.900     -0.6397986    
   10498.00      -1.054529       14579.00      -1.609411       14580.00    
  -1.608631       18744.00      -2.035360       22779.00      -2.367265    
   22780.00      -2.367143       45208.00      -3.536386       3030303.    
  -10.74669    
