  MIHALAS PLANE-PARALLEL NON-LTE   MODEL
      TEMPERATURE =  20000.0   LOG G =   3.0000
    45
   113.9000      -26.62352       133.1800      -26.75935       160.3100    
  -26.92040       160.3200      -26.92045       188.1900      -27.05967    
   227.8100      -13.28682       258.4400      -11.53360       258.4500    
  -11.53163       314.7400      -9.245580       402.4000      -7.034192    
   402.4100      -6.987413       447.5000      -6.223263       503.9700    
  -5.482085       503.9800      -4.077703       577.7400      -3.282341    
   676.8200      -2.558222       740.3000      -2.232891       816.9200    
  -1.938035       861.5000      -1.804186       911.2200      -1.680122    
   911.2300       1.735469       1118.320       1.625992       1447.240    
   1.433244       1696.760       1.288284       2050.270       1.096702    
   2050.280       1.096698       2624.300      0.8242975       3644.700    
  0.4358010       3644.800      0.6069771       4339.100      0.3619252    
   4859.800      0.1978877       5695.100     -3.7078213E-02   5695.200    
 -3.7093494E-02   6560.800     -0.2511891       8200.800     -0.5965880    
   8200.900     -0.5625985       10001.00     -0.8797624       12814.00    
  -1.281845       14579.00      -1.493531       14580.00      -1.483991    
   18744.00      -1.901400       22779.00      -2.227945       22780.00    
  -2.224783       40502.00      -3.199429       3030303.      -10.58225    
