 mihalis model (october '85) 17500 k log g 4.5                                  
 Written in SPECTRUM 2 format                                                  
        38
  2.27806E+02 -1.41667E+01     2.58442E+02 -1.33895E+01     3.14744E+02 -1.06247E+01
  4.02406E+02 -8.00453E+00     4.47497E+02 -7.10078E+00     5.03971E+02 -6.22601E+00
  5.03971E+02 -5.22361E+00     5.77744E+02 -4.23147E+00     6.76823E+02 -3.30215E+00
  7.40302E+02 -2.86962E+00     8.16920E+02 -2.46516E+00     8.61497E+02 -2.27531E+00
  9.11228E+02 -2.09485E+00     9.11228E+02  1.66795E+00     1.11832E+03  1.49967E+00
  1.44724E+03  1.27332E+00     1.69676E+03  1.12476E+00     2.05027E+03  9.41177E-01
  2.05027E+03  9.41177E-01     2.62433E+03  6.93964E-01     3.64485E+03  3.49442E-01
  3.64485E+03  6.11842E-01     4.33915E+03  3.67591E-01     4.85979E+03  2.05164E-01
  5.69508E+03 -2.58003E-02     5.69508E+03 -2.58003E-02     6.56082E+03 -2.35516E-01
  8.20075E+03 -5.72508E-01     8.20075E+03 -5.27308E-01     1.00010E+04 -8.41687E-01
  1.28139E+04 -1.23937E+00     1.45794E+04 -1.44868E+00     1.45794E+04 -1.43668E+00
  1.87441E+04 -1.85093E+00     2.27790E+04 -2.17467E+00     2.27790E+04 -2.17067E+00
  4.05022E+04 -3.13896E+00     3.03030E+06 -1.05470E+01
