  MIHALAS PLANE-PARALLEL NON-LTE   MODEL
      TEMPERATURE =  55000.0   LOG G =   4.5000
    45
   113.9000      -5.197925       133.1800      -3.823754       160.3100    
  -2.543997       160.3200      -2.225651       188.1900      -1.352469    
   227.8100     -0.5836214       227.8200       2.837541       258.4400    
   2.919605       258.4500       3.000371       314.7400       3.000421    
   402.4100       2.933787       402.4200       2.933765       447.5000    
   2.885938       503.9700       2.821515       503.9800       2.821098    
   577.7400       2.735260       676.8200       2.622578       740.3000    
   2.553909       816.9200       2.473565       861.5000       2.428614    
   911.2200       2.379078       911.2300       2.613469       971.9800    
   2.540610       1025.130       2.478367       1214.960       2.268800    
   1525.760       1.965752       2050.270       1.542302       2050.280    
   1.551898       2624.300       1.177498       3644.700      0.6574010    
   3644.800      0.6853771       4165.600      0.4701693       4859.800    
  0.2190878       5695.100     -4.1878209E-02   5695.200     -4.0693503E-02
   6560.800     -0.2755891       8200.800     -0.6489879       8200.900    
 -0.6441986       10498.00      -1.060689       14579.00      -1.617931    
   14580.00      -1.617191       18744.00      -2.045400       22779.00    
  -2.378345       22780.00      -2.377983       45208.00      -3.550906    
