 mihalis model (october '85) 27500 k log g 3.5                                  
 Written in SPECTRUM 2 format                                                  
        38
  2.27806E+02 -6.52793E+00     2.58442E+02 -6.52913E+00     3.14744E+02 -4.77231E+00
  4.02406E+02 -3.16613E+00     4.47497E+02 -2.63558E+00     5.03971E+02 -2.14041E+00
  5.03971E+02 -2.62012E-01     5.77744E+02 -6.06711E-02     6.76823E+02  2.10249E-01
  7.40302E+02  3.52782E-01     8.16920E+02  4.90041E-01     8.61497E+02  5.54293E-01
  9.11228E+02  6.14746E-01     9.11228E+02  2.20875E+00     1.11832E+03  2.03967E+00
  1.44724E+03  1.77692E+00     1.69676E+03  1.59316E+00     2.05027E+03  1.35718E+00
  2.05027E+03  1.35918E+00     2.62433E+03  1.02956E+00     3.64485E+03  5.67442E-01
  3.64485E+03  6.61842E-01     4.33915E+03  3.96391E-01     4.85979E+03  2.20364E-01
  5.69508E+03 -2.94004E-02     5.69508E+03 -2.94004E-02     6.56082E+03 -2.55116E-01
  8.20075E+03 -6.16108E-01     8.20075E+03 -5.96108E-01     1.00010E+04 -9.23287E-01
  1.28139E+04 -1.33577E+00     1.45794E+04 -1.55188E+00     1.45794E+04 -1.54628E+00
  1.87441E+04 -1.97053E+00     2.27790E+04 -2.30107E+00     2.27790E+04 -2.29907E+00
  4.05022E+04 -3.28096E+00     3.03030E+06 -1.06886E+01
