 C	NON-LTE SURFACE FLUXES FROM AUER-MIHALAS MODELS                              
  TEFF= 100000  LOG G= 6.5   Y= 10%   NLTE LINES MODEL                          
 811
   117.0000      -9.838467       127.0000      -9.862187       137.0000    
  -9.824483       147.0000      -9.751657       157.0000      -9.661721    
   167.0000      -9.566920       177.0001      -9.473683       187.0001    
  -9.385273       197.0000      -9.303915       207.0000      -9.231108    
   217.0001      -9.167837       227.0000      -9.114706       233.0000    
  -7.550746       243.0000      -7.586014       253.0000      -7.621233    
   263.0000      -7.656289       273.0000      -7.691100       283.0001    
  -7.725595       293.0000      -7.759720       303.0000      -7.793435    
   313.0001      -7.826705       323.0000      -7.859508       333.0000    
  -7.891830       342.9999      -7.923663       353.0001      -7.955002    
   363.0001      -7.985845       373.0001      -8.016192       383.0002    
  -8.046048       393.0002      -8.075414       403.0002      -8.104293    
   413.0001      -8.132694       423.0000      -8.160630       433.0001    
  -8.188109       443.0001      -8.215144       452.9999      -8.241745    
   463.0002      -8.267925       473.0001      -8.293693       482.9999    
  -8.319057       493.0001      -8.344031       503.0002      -8.368622    
   511.0001      -8.388041       521.0002      -8.411990       531.0001    
  -8.435576       541.0002      -8.458814       550.9999      -8.481711    
   561.0000      -8.504280       571.0001      -8.526532       581.0000    
  -8.548476       591.0002      -8.570121       600.9999      -8.591475    
   611.0004      -8.612548       621.0002      -8.633346       630.9999    
  -8.653877       641.0001      -8.674151       651.0004      -8.694174    
   661.0002      -8.713950       671.0002      -8.733489       681.0003    
  -8.752795       690.9999      -8.771873       701.0002      -8.790731    
   711.0000      -8.809370       721.0002      -8.827798       730.9999    
  -8.846015       741.0004      -8.864028       750.9999      -8.881841    
   761.0004      -8.899459       771.0001      -8.916885       781.0005    
  -8.934130       790.9999      -8.951192       801.0002      -8.968080    
   811.0001      -8.984797       820.9999      -9.001347       831.0004    
  -9.017735       841.0002      -9.033965       851.0004      -9.050040    
   860.9998      -9.065966       871.0001      -9.081744       881.0004    
  -9.097379       891.0001      -9.112874       901.0005      -9.128233    
   911.0001      -9.143457       911.9999      -8.962408       922.0001    
  -8.978759       932.0000      -8.994955       942.0002      -9.011001    
   952.0001      -9.026896       961.9999      -9.042648       972.0002    
  -9.058259       981.9999      -9.073731       992.0001      -9.089069    
   1002.000      -9.104275       1012.000      -9.119351       1022.000    
  -9.134301       1032.000      -9.149127       1042.000      -9.163832    
   1052.000      -9.178415       1062.000      -9.192883       1072.000    
  -9.207232       1082.000      -9.221468       1092.000      -9.235589    
   1102.000      -9.249599       1112.000      -9.263500       1122.000    
  -9.277292       1132.000      -9.290977       1142.000      -9.304555    
   1152.000      -9.318032       1162.000      -9.331405       1172.000    
  -9.344675       1182.000      -9.357847       1192.000      -9.370921    
   1202.000      -9.383898       1212.000      -9.396778       1222.001    
  -9.409565       1232.000      -9.422256       1242.000      -9.434857    
   1252.000      -9.447368       1262.000      -9.459788       1272.000    
  -9.472121       1282.000      -9.484366       1292.000      -9.496527    
   1302.000      -9.508603       1312.000      -9.520596       1322.000    
  -9.532504       1332.000      -9.544333       1342.000      -9.556082    
   1352.000      -9.567752       1362.000      -9.579344       1372.000    
  -9.590858       1382.000      -9.602298       1392.000      -9.613661    
   1402.000      -9.624950       1412.000      -9.636168       1422.000    
  -9.647313       1432.000      -9.658386       1442.000      -9.669390    
   1452.001      -9.680324       1462.000      -9.691188       1472.000    
  -9.701985       1482.001      -9.712715       1492.001      -9.723379    
   1502.000      -9.733978       1512.000      -9.744512       1522.000    
  -9.754983       1532.000      -9.765389       1542.000      -9.775734    
   1552.000      -9.786017       1562.001      -9.796241       1572.000    
  -9.806403       1582.000      -9.816505       1592.000      -9.826550    
   1602.000      -9.836535       1612.000      -9.846462       1622.000    
  -9.856334       1632.000      -9.866150       1642.000      -9.875910    
   1652.000      -9.885614       1662.000      -9.895265       1672.000    
  -9.904860       1682.000      -9.914404       1692.000      -9.923895    
   1702.000      -9.933333       1712.000      -9.942720       1722.000    
  -9.952057       1732.001      -9.961343       1742.000      -9.970578    
   1752.001      -9.979765       1762.000      -9.988902       1772.001    
  -9.997992       1782.001      -10.00703       1792.000      -10.01603    
   1802.001      -10.02497       1812.000      -10.03387       1822.000    
  -10.04273       1832.001      -10.05154       1842.001      -10.06030    
   1852.000      -10.06902       1862.000      -10.07769       1872.000    
  -10.08633       1882.001      -10.09492       1892.001      -10.10346    
   1902.000      -10.11196       1912.001      -10.12043       1922.000    
  -10.12884       1932.000      -10.13722       1942.000      -10.14556    
   1952.000      -10.15385       1962.000      -10.16211       1972.000    
  -10.17033       1982.000      -10.17850       1992.000      -10.18664    
   2002.000      -10.19474       2012.000      -10.20280       2022.001    
  -10.21083       2032.000      -10.21881       2042.000      -10.22676    
   2051.000      -10.22653       2061.000      -10.23446       2071.001    
  -10.24236       2081.001      -10.25022       2091.000      -10.25804    
   2101.001      -10.26583       2111.001      -10.27359       2121.001    
  -10.28131       2131.000      -10.28899       2141.000      -10.29664    
   2151.001      -10.30426       2161.001      -10.31184       2171.000    
  -10.31938       2181.000      -10.32690       2191.000      -10.33438    
   2201.000      -10.34183       2211.000      -10.34925       2221.000    
  -10.35663       2231.000      -10.36398       2241.000      -10.37130    
   2251.001      -10.37859       2261.001      -10.38585       2271.001    
  -10.39308       2281.001      -10.40028       2291.000      -10.40744    
   2301.001      -10.41458       2311.000      -10.42169       2321.000    
  -10.42877       2331.000      -10.43581       2341.001      -10.44283    
   2351.001      -10.44983       2361.000      -10.45679       2371.000    
  -10.46372       2381.001      -10.47063       2391.000      -10.47751    
   2401.001      -10.48436       2411.001      -10.49118       2421.000    
  -10.49798       2431.001      -10.50475       2441.001      -10.51149    
   2451.001      -10.51821       2461.000      -10.52490       2471.000    
  -10.53156       2481.000      -10.53820       2491.000      -10.54481    
   2501.001      -10.55140       2511.000      -10.55796       2521.000    
  -10.56450       2531.002      -10.57101       2541.000      -10.57750    
   2551.001      -10.58396       2561.000      -10.59040       2571.000    
  -10.59682       2581.000      -10.60321       2591.001      -10.60957    
   2601.000      -10.61592       2611.000      -10.62224       2621.000    
  -10.62853       2631.001      -10.63481       2641.000      -10.64106    
   2651.001      -10.64729       2661.001      -10.65349       2671.000    
  -10.65968       2681.001      -10.66584       2691.000      -10.67198    
   2701.000      -10.67810       2711.000      -10.68419       2721.000    
  -10.69027       2731.000      -10.69632       2741.000      -10.70235    
   2751.000      -10.70836       2761.001      -10.71435       2771.001    
  -10.72032       2781.000      -10.72627       2791.001      -10.73220    
   2801.000      -10.73810       2811.000      -10.74399       2821.001    
  -10.74986       2831.000      -10.75570       2841.001      -10.76153    
   2851.000      -10.76734       2861.000      -10.77313       2871.001    
  -10.77890       2881.001      -10.78465       2891.002      -10.79038    
   2901.000      -10.79609       2911.001      -10.80178       2921.002    
  -10.80746       2931.001      -10.81311       2941.001      -10.81875    
   2951.002      -10.82437       2961.000      -10.82997       2971.001    
  -10.83555       2981.001      -10.84111       2990.999      -10.84666    
   3000.999      -10.85219       3011.001      -10.85770       3021.000    
  -10.86319       3031.002      -10.86867       3040.999      -10.87412    
   3051.000      -10.87956       3061.001      -10.88499       3071.000    
  -10.89040       3081.001      -10.89579       3091.001      -10.90116    
   3101.002      -10.90652       3111.001      -10.91186       3121.001    
  -10.91718       3131.001      -10.92249       3141.002      -10.92778    
   3151.001      -10.93305       3161.000      -10.93831       3170.999    
  -10.94355       3181.000      -10.94878       3191.000      -10.95399    
   3201.000      -10.95919       3211.001      -10.96437       3220.999    
  -10.96953       3231.002      -10.97468       3241.002      -10.97982    
   3251.000      -10.98494       3261.001      -10.99004       3270.999    
  -10.99513       3281.000      -11.00020       3290.999      -11.00526    
   3301.002      -11.01031       3311.000      -11.01534       3321.001    
  -11.02035       3331.000      -11.02535       3341.000      -11.03034    
   3351.000      -11.03531       3361.002      -11.04027       3371.001    
  -11.04521       3381.001      -11.05014       3391.002      -11.05506    
   3401.000      -11.05996       3411.000      -11.06485       3421.003    
  -11.06972       3431.000      -11.07458       3441.001      -11.07943    
   3451.000      -11.08426       3461.001      -11.08908       3471.000    
  -11.09389       3481.001      -11.09868       3491.000      -11.10346    
   3501.000      -11.10822       3511.000      -11.11298       3520.999    
  -11.11772       3531.001      -11.12245       3541.002      -11.12716    
   3551.002      -11.13187       3560.999      -11.13655       3571.001    
  -11.14123       3581.001      -11.14590       3591.000      -11.15055    
   3601.000      -11.15519       3611.001      -11.15982       3621.000    
  -11.16443       3631.001      -11.16903       3641.002      -11.17362    
   3646.002      -11.16561       3656.002      -11.17020       3666.003    
  -11.17478       3676.000      -11.17934       3686.001      -11.18389    
   3696.003      -11.18844       3706.001      -11.19296       3715.998    
  -11.19748       3726.000      -11.20199       3736.001      -11.20648    
   3746.001      -11.21096       3756.000      -11.21543       3766.000    
  -11.21989       3776.001      -11.22434       3786.000      -11.22878    
   3796.000      -11.23320       3806.001      -11.23762       3815.999    
  -11.24202       3826.003      -11.24641       3836.001      -11.25079    
   3846.003      -11.25516       3855.998      -11.25951       3866.000    
  -11.26386       3876.001      -11.26820       3886.002      -11.27252    
   3896.001      -11.27684       3906.002      -11.28114       3916.001    
  -11.28544       3926.000      -11.28972       3936.002      -11.29399    
   3946.000      -11.29825       3956.001      -11.30250       3966.000    
  -11.30674       3976.001      -11.31097       3986.000      -11.31519    
   3996.000      -11.31940       4006.000      -11.32360       4015.999    
  -11.32779       4026.001      -11.33197       4035.999      -11.33614    
   4046.000      -11.34030       4056.003      -11.34445       4066.002    
  -11.34858       4075.999      -11.35271       4086.002      -11.35683    
   4096.005      -11.36094       4106.001      -11.36504       4116.003    
  -11.36913       4126.005      -11.37321       4136.004      -11.37728    
   4146.002      -11.38134       4156.001      -11.38539       4166.002    
  -11.38944       4176.002      -11.39347       4186.002      -11.39749    
   4196.004      -11.40150       4206.004      -11.40551       4216.002    
  -11.40950       4226.001      -11.41349       4236.005      -11.41747    
   4246.002      -11.42143       4256.005      -11.42539       4266.005    
  -11.42934       4276.005      -11.43328       4286.002      -11.43721    
   4296.005      -11.44114       4306.004      -11.44505       4316.003    
  -11.44895       4326.004      -11.45285       4336.004      -11.45674    
   4346.002      -11.46061       4356.000      -11.46448       4366.003    
  -11.46834       4376.004      -11.47220       4386.002      -11.47604    
   4396.001      -11.47987       4406.004      -11.48370       4416.002    
  -11.48752       4426.004      -11.49133       4436.002      -11.49513    
   4446.003      -11.49892       4456.001      -11.50271       4466.003    
  -11.50648       4476.003      -11.51025       4486.002      -11.51401    
   4496.002      -11.51776       4506.005      -11.52151       4516.002    
  -11.52524       4526.002      -11.52897       4536.004      -11.53269    
   4546.003      -11.53640       4556.004      -11.54010       4566.005    
  -11.54380       4576.005      -11.54748       4586.004      -11.55116    
   4596.004      -11.55484       4606.004      -11.55850       4616.003    
  -11.56215       4626.003      -11.56580       4636.002      -11.56944    
   4646.005      -11.57308       4656.004      -11.57670       4666.003    
  -11.58032       4676.004      -11.58393       4686.003      -11.58753    
   4696.003      -11.59113       4706.006      -11.59471       4716.002    
  -11.59829       4726.006      -11.60186       4736.002      -11.60543    
   4746.005      -11.60899       4756.005      -11.61254       4766.002    
  -11.61608       4776.005      -11.61962       4786.002      -11.62314    
   4796.004      -11.62667       4806.004      -11.63018       4816.001    
  -11.63368       4826.002      -11.63719       4836.004      -11.64068    
   4846.004      -11.64416       4856.007      -11.64764       4866.006    
  -11.65111       4876.002      -11.65458       4886.005      -11.65803    
   4896.006      -11.66149       4906.004      -11.66493       4916.001    
  -11.66836       4926.002      -11.67179       4936.005      -11.67522    
   4946.006      -11.67863       4956.005      -11.68204       4966.003    
  -11.68544       4976.005      -11.68884       4986.005      -11.69223    
   4996.006      -11.69561       5006.002      -11.69899       5016.004    
  -11.70236       5026.002      -11.70572       5036.006      -11.70907    
   5046.004      -11.71242       5056.006      -11.71577       5066.005    
  -11.71910       5076.002      -11.72243       5086.002      -11.72576    
   5096.005      -11.72907       5106.002      -11.73238       5116.005    
  -11.73569       5126.005      -11.73899       5136.002      -11.74228    
   5146.004      -11.74556       5156.006      -11.74884       5166.002    
  -11.75211       5176.003      -11.75538       5186.003      -11.75864    
   5196.003      -11.76189       5206.005      -11.76514       5216.003    
  -11.76838       5226.006      -11.77162       5236.003      -11.77485    
   5246.004      -11.77807       5256.004      -11.78129       5266.006    
  -11.78450       5276.003      -11.78770       5286.005      -11.79090    
   5296.006      -11.79410       5306.005      -11.79729       5316.003    
  -11.80047       5326.005      -11.80364       5336.005      -11.80681    
   5346.003      -11.80998       5356.000      -11.81313       5366.001    
  -11.81628       5376.005      -11.81943       5386.002      -11.82257    
   5396.002      -11.82571       5406.003      -11.82884       5416.005    
  -11.83196       5426.004      -11.83508       5436.004      -11.83819    
   5446.005      -11.84130       5456.006      -11.84440       5466.007    
  -11.84749       5476.002      -11.85058       5486.001      -11.85366    
   5496.003      -11.85674       5506.002      -11.85982       5516.004    
  -11.86288       5526.003      -11.86594       5536.005      -11.86900    
   5546.001      -11.87205       5556.002      -11.87510       5566.003    
  -11.87814       5576.004      -11.88117       5586.005      -11.88420    
   5596.001      -11.88723       5606.007      -11.89025       5616.003    
  -11.89326       5626.004      -11.89627       5636.004      -11.89927    
   5646.004      -11.90227       5656.002      -11.90526       5666.006    
  -11.90825       5676.006      -11.91123       5686.002      -11.91420    
   5701.005      -11.91784       5711.007      -11.92082       5721.004    
  -11.92378       5731.004      -11.92675       5741.001      -11.92970    
   5751.001      -11.93265       5761.005      -11.93560       5771.008    
  -11.93854       5781.006      -11.94148       5791.002      -11.94441    
   5801.003      -11.94734       5811.001      -11.95026       5821.001    
  -11.95317       5831.003      -11.95609       5841.005      -11.95899    
   5851.005      -11.96190       5861.003      -11.96479       5871.006    
  -11.96768       5881.003      -11.97057       5891.007      -11.97345    
   5901.005      -11.97633       5911.008      -11.97920       5921.004    
  -11.98207       5931.001      -11.98493       5941.006      -11.98779    
   5951.001      -11.99064       5961.006      -11.99349       5971.005    
  -11.99634       5981.002      -11.99918       5991.005      -12.00201    
   6001.005      -12.00484       6011.005      -12.00767       6021.006    
  -12.01049       6031.006      -12.01330       6041.007      -12.01611    
   6051.004      -12.01892       6061.008      -12.02172       6071.001    
  -12.02452       6081.005      -12.02731       6091.005      -12.03010    
   6101.004      -12.03288       6111.004      -12.03566       6121.006    
  -12.03844       6131.001      -12.04121       6141.002      -12.04397    
   6151.002      -12.04673       6161.006      -12.04949       6171.002    
  -12.05224       6181.004      -12.05499       6191.001      -12.05773    
   6201.005      -12.06047       6211.001      -12.06321       6221.003    
  -12.06594       6231.001      -12.06866       6241.004      -12.07139    
   6251.006      -12.07410       6261.007      -12.07682       6271.004    
  -12.07952       6281.006      -12.08223       6291.003      -12.08493    
   6301.005      -12.08763       6311.003      -12.09032       6321.007    
  -12.09301       6331.005      -12.09569       6341.005      -12.09837    
   6351.000      -12.10104       6361.004      -12.10371       6371.003    
  -12.10638       6381.007      -12.10904       6391.005      -12.11170    
   6401.002      -12.11435       6411.003      -12.11701       6421.003    
  -12.11965       6431.004      -12.12229       6441.003      -12.12493    
   6451.004      -12.12756       6461.002      -12.13019       6471.005    
  -12.13282       6481.002      -12.13544       6491.004      -12.13806    
   6501.004      -12.14067       6511.004      -12.14328       6521.006    
  -12.14589       6531.005      -12.14849       6541.005      -12.15109    
   6551.006      -12.15368       6561.001      -12.15627       6571.004    
  -12.15886       6581.004      -12.16144       6591.004      -12.16402    
   6601.006      -12.16659       6611.004      -12.16916       6621.003    
  -12.17173       6631.003      -12.17429       6641.007      -12.17685    
   6651.003      -12.17941       6661.004      -12.18196       6671.006    
  -12.18450       6681.000      -12.18705       6691.006      -12.18959    
   6701.005      -12.19213       6711.003      -12.19466       6721.006    
  -12.19719       6731.005      -12.19971       6741.001      -12.20223    
   6751.007      -12.20475       6761.007      -12.20726       6771.010    
  -12.20977       6781.005      -12.21228       6791.004      -12.21478    
   6801.002      -12.21728       6811.005      -12.21978       6821.003    
  -12.22227       6831.001      -12.22476       6841.002      -12.22724    
   6851.007      -12.22972       6861.003      -12.23220       6871.007    
  -12.23468       6881.006      -12.23715       6891.001      -12.23961    
   6901.007      -12.24208       6911.005      -12.24454       6921.001    
  -12.24699       6931.001      -12.24944       6941.004      -12.25189    
   6951.006      -12.25434       6961.004      -12.25678       6971.000    
  -12.25922       6981.007      -12.26166       6991.009      -12.26409    
   7001.003      -12.26651       7011.003      -12.26894       7021.009    
  -12.27136       7031.003      -12.27378       7041.003      -12.27619    
   7051.006      -12.27861       7061.008      -12.28101       7071.008    
  -12.28342       7081.003      -12.28582       7091.004      -12.28822    
   7101.004      -12.29061       7111.007      -12.29300       7121.003    
  -12.29539       7131.007      -12.29778       7141.004      -12.30015    
   7151.004      -12.30253       7161.006      -12.30491       7171.006    
  -12.30728       7181.004      -12.30965       7191.001      -12.31201    
   7201.007      -12.31437       7211.008      -12.31673       7221.007    
  -12.31909       7231.007      -12.32144       7241.006      -12.32379    
   7251.002      -12.32613       7261.005      -12.32847       7271.001    
  -12.33081       7281.007      -12.33315       7291.006      -12.33548    
   7301.008      -12.33781       7311.003      -12.34014       7321.003    
  -12.34246       7331.006      -12.34478       7341.006      -12.34710    
   7351.003      -12.34941       7361.006      -12.35172       7371.002    
  -12.35403       7381.004      -12.35633       7391.007      -12.35863    
   7401.007      -12.36093       7411.001      -12.36322       7421.004    
  -12.36552       7431.004      -12.36781       7441.001      -12.37009    
   7451.008      -12.37237       7461.003      -12.37465       7471.008    
  -12.37693       7481.006      -12.37920       7491.005      -12.38148    
   7501.009      -12.38374       7511.010      -12.38601       7521.007    
  -12.38827       7531.006      -12.39053       7541.009      -12.39279    
   7551.005      -12.39504       7561.006      -12.39729       7571.008    
  -12.39953       7581.007      -12.40178       7591.006      -12.40402    
   7601.001      -12.40626       7611.006      -12.40849       7621.007    
  -12.41072       7631.004      -12.41295       7641.007      -12.41518    
   7651.009      -12.41740       7661.004      -12.41962       7671.007    
  -12.42184       7681.007      -12.42406       7691.003      -12.42627    
   7701.008      -12.42848       7711.009      -12.43068       7721.001    
  -12.43289       7731.007      -12.43509       7741.004      -12.43729    
   7751.005      -12.43948       7761.007      -12.44167       7771.005    
  -12.44386       7781.002      -12.44605       7791.004      -12.44823    
   7801.002      -12.45041       7811.000      -12.45259       7821.006    
  -12.45477       7831.008      -12.45694       7841.005      -12.45911    
   7851.011      -12.46128       7861.004      -12.46344       7871.005    
  -12.46560       7881.006      -12.46776       7891.002      -12.46992    
   7901.002      -12.47207       7911.006      -12.47423       7921.002    
  -12.47637       7931.005      -12.47852       7941.008      -12.48066    
   7951.006      -12.48280       7961.004      -12.48494       7971.001    
  -12.48707       7981.006      -12.48921       7991.006      -12.49134    
   8001.010      -12.49346       8011.005      -12.49559       8021.003    
  -12.49771       8031.009      -12.49983       8041.011      -12.50195    
   8051.006      -12.50406       8061.010      -12.50617       8071.000    
  -12.50828       8081.006      -12.51038       8091.008      -12.51249    
   8101.008      -12.51459       8111.002      -12.51669       8121.001    
  -12.51878       8131.007      -12.52088       8141.007      -12.52297    
   8151.007      -12.52506       8161.009      -12.52714       8171.011    
  -12.52922       8181.007      -12.53130       8191.006      -12.53338    
   8201.004      -12.53546    
