 mihalis model (october '85) 30000 k log g 4.0                                  
 Written in SPECTRUM 2 format                                                  
        43
  1.13903E+02 -1.57263E+01     1.33182E+02 -1.27173E+01     1.60317E+02 -9.73436E+00
  1.88194E+02 -7.59881E+00     2.27806E+02 -5.51273E+00     2.27806E+02 -6.45673E+00
  2.58442E+02 -5.23593E+00     3.14744E+02 -3.66831E+00     4.02406E+02 -2.21773E+00
  4.47497E+02 -1.73718E+00     5.03971E+02 -1.28921E+00     5.03971E+02  3.90388E-01
  5.77744E+02  4.98929E-01     6.76823E+02  6.73449E-01     7.40302E+02  7.70382E-01
  8.16920E+02  8.64441E-01     8.61497E+02  9.08293E-01     9.11228E+02  9.48346E-01
  9.11228E+02  2.34995E+00     9.71978E+02  2.29109E+00     1.02513E+03  2.23965E+00
  1.21496E+03  2.06047E+00     1.52576E+03  1.79063E+00     2.05027E+03  1.40798E+00
  2.05027E+03  1.40798E+00     2.62433E+03  1.06356E+00     3.64485E+03  5.87042E-01
  3.64485E+03  6.75442E-01     4.16563E+03  4.67040E-01     4.85979E+03  2.23564E-01
  5.69508E+03 -3.02004E-02     5.69508E+03 -3.02004E-02     6.56082E+03 -2.58716E-01
  8.20075E+03 -6.23308E-01     8.20075E+03 -6.05708E-01     1.04976E+04 -1.01618E+00
  1.45794E+04 -1.56748E+00     1.45794E+04 -1.56268E+00     1.87441E+04 -1.98813E+00
  2.27790E+04 -2.31947E+00     2.27790E+04 -2.31827E+00     4.52080E+04 -3.48963E+00
  3.03030E+06 -1.07030E+01
