  MIHALAS PLANE-PARALLEL NON-LTE   MODEL
      TEMPERATURE =  45000.0   LOG G =   4.5000
    45
   113.9000      -7.221123       133.1800      -5.585754       160.3100    
  -4.045597       160.3200      -3.932452       188.1900      -2.891269    
   227.8100      -1.923221       227.8200      -1.194459       258.4400    
 -0.5727951       258.4500       2.500371       314.7400       2.526021    
   402.4100       2.494987       402.4200       2.494965       447.5000    
   2.472338       503.9700       2.446315       503.9800       2.449498    
   577.7400       2.392860       676.8200       2.320978       740.3000    
   2.276309       816.9200       2.223166       861.5000       2.192214    
   911.2200       2.157478       911.2300       2.547868       971.9800    
   2.478210       1025.130       2.418367       1214.960       2.216401    
   1525.760       1.921352       2050.270       1.507502       2050.280    
   1.523098       2624.300       1.154698       3644.700      0.6430010    
   3644.800      0.6801770       4165.600      0.4665693       4859.800    
  0.2174878       5695.100     -4.1478220E-02   5695.200     -0.2094935    
   6560.800     -0.2731891       8200.800     -0.6441880       8200.900    
 -0.6381986       10498.00      -1.052689       14579.00      -1.607531    
   14580.00      -1.606391       18744.00      -2.033400       22779.00    
  -2.365945       22780.00      -2.365583       45208.00      -3.538106    
