 mihalis model (october '85) 22500 k log g 4.5                                  
 Written in SPECTRUM 2 format                                                  
        38
  2.27806E+02 -9.62473E+00     2.58442E+02 -1.01239E+01     3.14744E+02 -7.90711E+00
  4.02406E+02 -5.84453E+00     4.47497E+02 -5.14598E+00     5.03971E+02 -4.47841E+00
  5.03971E+02 -3.16401E+00     5.77744E+02 -2.46187E+00     6.76823E+02 -1.80335E+00
  7.40302E+02 -1.49682E+00     8.16920E+02 -1.20996E+00     8.61497E+02 -1.07531E+00
  9.11228E+02 -9.48054E-01     9.11228E+02  2.07235E+00     1.11832E+03  1.85447E+00
  1.44724E+03  1.57012E+00     1.69676E+03  1.38996E+00     2.05027E+03  1.16998E+00
  2.05027E+03  1.16998E+00     2.62433E+03  8.75164E-01     3.64485E+03  4.65842E-01
  3.64485E+03  6.42242E-01     4.33915E+03  3.84391E-01     4.85979E+03  2.13964E-01
  5.69508E+03 -2.78004E-02     5.69508E+03 -2.78004E-02     6.56082E+03 -2.46316E-01
  8.20075E+03 -5.95708E-01     8.20075E+03 -5.64508E-01     1.00010E+04 -8.85687E-01
  1.28139E+04 -1.29097E+00     1.45794E+04 -1.50348E+00     1.45794E+04 -1.49548E+00
  1.87441E+04 -1.91413E+00     2.27790E+04 -2.24147E+00     2.27790E+04 -2.23867E+00
  4.05022E+04 -3.21416E+00     3.03030E+06 -1.06222E+01
