 mihalis model (october '85) 30000 k log g 3.5                                  
 Written in SPECTRUM 2 format                                                  
        43
  1.13903E+02 -1.50087E+01     1.33182E+02 -1.21125E+01     1.60317E+02 -9.27076E+00
  1.88194E+02 -7.25521E+00     2.27806E+02 -5.29993E+00     2.27806E+02 -3.12553E+00
  2.58442E+02 -3.38113E+00     3.14744E+02 -2.36351E+00     4.02406E+02 -1.06213E+00
  4.47497E+02 -6.10781E-01     5.03971E+02 -1.82812E-01     5.03971E+02  1.17239E+00
  5.77744E+02  1.23013E+00     6.76823E+02  1.32985E+00     7.40302E+02  1.39118E+00
  8.16920E+02  1.45484E+00     8.61497E+02  1.48509E+00     9.11228E+02  1.51355E+00
  9.11228E+02  2.25075E+00     9.71978E+02  2.20229E+00     1.02513E+03  2.15965E+00
  1.21496E+03  2.00647E+00     1.52576E+03  1.76503E+00     2.05027E+03  1.40958E+00
  2.05027E+03  1.40958E+00     2.62433E+03  1.07356E+00     3.64485E+03  5.98242E-01
  3.64485E+03  6.67442E-01     4.16563E+03  4.63040E-01     4.85979E+03  2.22364E-01
  5.69508E+03 -2.98004E-02     5.69508E+03 -2.98004E-02     6.56082E+03 -2.57916E-01
  8.20075E+03 -6.22108E-01     8.20075E+03 -6.06108E-01     1.04976E+04 -1.01578E+00
  1.45794E+04 -1.56588E+00     1.45794E+04 -1.56148E+00     1.87441E+04 -1.98653E+00
  2.27790E+04 -2.31747E+00     2.27790E+04 -2.31587E+00     4.52080E+04 -3.48563E+00
  3.03030E+06 -1.06974E+01
