  MIHALAS PLANE-PARALLEL NON-LTE   MODEL
      TEMPERATURE =  27500.0   LOG G =   3.0000
    45
   113.9000      -26.62352       133.1800      -26.75935       160.3100    
  -26.92040       160.3200      -26.92045       188.1900      -27.05967    
   227.8100      -6.976422       258.4400      -5.785595       258.4500    
  -4.776429       314.7400      -3.127580       402.4000      -1.568591    
   402.4100      -1.322613       447.5000     -0.8136616       503.9700    
 -0.3276848       503.9800       1.117098       577.7400       1.218860    
   676.8200       1.357378       740.3000       1.438709       816.9200    
   1.523165       861.5000       1.564614       911.2200       1.604678    
   911.2300       2.072669       1118.320       1.938792       1447.240    
   1.717243       1696.760       1.553884       2050.270       1.336702    
   2050.280       1.339898       2624.300       1.024298       3644.700    
  0.5630010       3644.800      0.6329771       4339.100      0.3775252    
   4859.800      0.2062877       5695.100     -3.9078202E-02   5695.200    
 -3.8693488E-02   6560.800     -0.2623891       8200.800     -0.6213880    
   8200.900     -0.6045986       10001.00     -0.9289624       12814.00    
  -1.339045       14579.00      -1.554331       14580.00      -1.549591    
   18744.00      -1.972200       22779.00      -2.133145       22780.00    
  -2.299983       40502.00      -3.279829       3030303.      -10.69065    
