  MIHALAS PLANE-PARALLEL NON-LTE   MODEL
      TEMPERATURE =  15000.0   LOG G =   3.0000
    45
   113.9000      -26.62352       133.1800      -26.75935       160.3100    
  -26.92040       160.3200      -26.92045       188.1900      -27.05967    
   227.8100      -27.22562       258.4400      -27.33520       258.4500    
  -27.33523       314.7400      -27.50638       402.4000      -27.71979    
   402.4100      -27.71981       447.5000      -27.81206       503.9700    
  -27.91529       503.9800      -6.000103       577.7400      -4.976341    
   676.8200      -4.044622       740.3000      -3.618091       816.9200    
  -3.219635       861.5000      -3.030986       911.2200      -2.850122    
   911.2300       1.262669       1118.320       1.209592       1447.240    
   1.072843       1696.760      0.9590837       2050.270      0.8067024    
   2050.280      0.8066981       2624.300      0.5922976       3644.700    
  0.2874010       3644.800      0.5721771       4339.100      0.3423252    
   4859.800      0.1874878       5695.100     -3.5078209E-02   5695.200    
 -3.5093509E-02   6560.800     -0.2387891       8200.800     -0.5681880    
   8200.900     -0.5165986       10001.00     -0.8249624       12814.00    
  -1.217845       14579.00      -1.425531       14580.00      -1.410791    
   18744.00      -1.822200       22779.00      -2.144745       22780.00    
  -2.139583       40502.00      -3.105429       3030303.      -10.47985    
