  MIHALAS PLANE-PARALLEL NON-LTE   MODEL
      TEMPERATURE =  15000.0   LOG G =   2.5000
    45
   113.9000      -26.62352       133.1800      -26.75935       160.3100    
  -26.92040       160.3200      -26.92045       188.1900      -27.05967    
   227.8100      -27.22562       258.4400      -27.33520       258.4500    
  -27.33523       314.7400      -27.50638       402.4000      -27.71979    
   402.4100      -27.71981       447.5000      -27.81206       503.9700    
  -27.91529       503.9800      -6.037703       577.7400      -5.034741    
   676.8200      -4.119022       740.3000      -3.697291       816.9200    
  -3.300035       861.5000      -3.110986       911.2200      -2.928922    
   911.2300       1.183468       1118.320       1.168792       1447.240    
   1.071643       1696.760      0.4782836       2050.270      0.8335024    
   2050.280      0.8334981       2624.300      0.6234975       3644.700    
  0.3150010       3644.800      0.5601770       4339.100      0.3375252    
   4859.800      0.1854878       5695.100     -3.4678206E-02   5695.200    
 -3.4693491E-02   6560.800     -0.2371891       8200.800     -0.5665880    
   8200.900     -0.5185986       10001.00     -0.8253624       12814.00    
  -1.217445       14579.00      -1.424731       14580.00      -1.410391    
   18744.00      -1.821400       22779.00      -2.143945       22780.00    
  -2.138783       40502.00      -3.105029       3030303.      -10.48225    
