  MIHALAS PLANE-PARALLEL NON-LTE   MODEL
      TEMPERATURE =  17500.0   LOG G =   2.5000
    45
   113.9000      -26.62352       133.1800      -26.75935       160.3100    
  -26.92040       160.3200      -26.92045       188.1900      -27.05967    
   227.8100      -15.96562       258.4400      -13.93000       258.4500    
  -13.93003       314.7400      -11.27598       402.4000      -8.707392    
   402.4100      -8.691813       447.5000      -7.796463       503.9700    
  -6.925285       503.9800      -5.282502       577.7400      -4.342741    
   676.8200      -3.480222       740.3000      -3.086091       816.9200    
  -2.722835       861.5000      -2.552987       911.2200      -2.395322    
   911.2300       1.449069       1118.320       1.398392       1447.240    
   1.269243       1696.760       1.156684       2050.270      0.9963024    
   2050.280      0.9962981       2624.300      0.7558975       3644.700    
  0.4018010       3644.800      0.5777770       4339.100      0.3471251    
   4859.800      0.1906878       5695.100     -3.5478216E-02   5695.200    
 -3.5493497E-02   6560.800     -0.2435891       8200.800     -0.5813881    
   8200.900     -0.5437987       10001.00     -0.8549624       12814.00    
  -1.252245       14579.00      -1.461931       14580.00      -1.450391    
   18744.00      -1.864600       22779.00      -2.189545       22780.00    
  -2.185183       40502.00      -3.157028       3030303.      -10.55705    
