 mihalis model (october '85) 20000 k log g 4.5                                  
 Written in SPECTRUM 2 format                                                  
        38
  2.27806E+02 -1.16599E+01     2.58442E+02 -1.15595E+01     3.14744E+02 -9.10871E+00
  4.02406E+02 -6.80333E+00     4.47497E+02 -6.01318E+00     5.03971E+02 -5.25201E+00
  5.03971E+02 -4.12201E+00     5.77744E+02 -3.28347E+00     6.76823E+02 -2.49775E+00
  7.40302E+02 -2.13122E+00     8.16920E+02 -1.78716E+00     8.61497E+02 -1.62571E+00
  9.11228E+02 -1.47245E+00     9.11228E+02  1.89355E+00     1.11832E+03  1.69687E+00
  1.44724E+03  1.43892E+00     1.69676E+03  1.27316E+00     2.05027E+03  1.06998E+00
  2.05027E+03  1.06998E+00     2.62433E+03  7.95964E-01     3.64485E+03  4.14642E-01
  3.64485E+03  6.28642E-01     4.33915E+03  3.76791E-01     4.85979E+03  2.09964E-01
  5.69508E+03 -2.70003E-02     5.69508E+03 -2.70003E-02     6.56082E+03 -2.41516E-01
  8.20075E+03 -5.85308E-01     8.20075E+03 -5.48108E-01     1.00010E+04 -8.66087E-01
  1.28139E+04 -1.26777E+00     1.45794E+04 -1.47908E+00     1.45794E+04 -1.46908E+00
  1.87441E+04 -1.88613E+00     2.27790E+04 -2.21187E+00     2.27790E+04 -2.20867E+00
  4.05022E+04 -3.18056E+00     3.03030E+06 -1.05902E+01
