  MIHALAS PLANE-PARALLEL NON-LTE   MODEL
      TEMPERATURE =  15000.0   LOG G =   4.0000
    45
   113.9000      -26.62352       133.1800      -26.75935       160.3100    
  -26.92040       160.3200      -26.92045       188.1900      -27.05967    
   227.8100      -27.22562       258.4400      -27.33520       258.4500    
  -27.33523       314.7400      -27.50638       402.4000      -27.71979    
   402.4100      -27.71981       447.5000      -27.81206       503.9700    
  -27.91529       503.9800      -6.056903       577.7400      -4.976741    
   676.8200      -3.988623       740.3000      -3.537291       816.9200    
  -3.118834       861.5000      -2.922986       911.2200      -2.736122    
   911.2300       1.368669       1118.320       1.251992       1447.240    
   1.068043       1696.760      0.9390838       2050.270      0.7779024    
   2050.280      0.7778981       2624.300      0.5626975       3644.700    
  0.2634009       3644.800      0.5809771       4339.100      0.3459252    
   4859.800      0.1890878       5695.100     -3.5078209E-02   5695.200    
 -3.5093509E-02   6560.800     -0.2395891       8200.800     -0.5689880    
   8200.900     -0.5137987       10001.00     -0.8233624       12814.00    
  -1.217045       14579.00      -1.424331       14580.00      -1.405991    
   18744.00      -1.821000       22779.00      -2.143545       22780.00    
  -2.138383       40502.00      -3.103829       3030303.      -10.48225    
