 mihalis model (october '85) 27500 k log g 4.0                                  
 Written in SPECTRUM 2 format                                                  
        38
  2.27806E+02 -6.67393E+00     2.58442E+02 -7.24593E+00     3.14744E+02 -5.43511E+00
  4.02406E+02 -3.78293E+00     4.47497E+02 -3.23758E+00     5.03971E+02 -2.72761E+00
  5.03971E+02 -1.04401E+00     5.77744E+02 -7.02671E-01     6.76823E+02 -3.38551E-01
  7.40302E+02 -1.62818E-01     8.16920E+02  1.24079E-03     8.61497E+02  7.70925E-02
  9.11228E+02  1.47546E-01     9.11228E+02  2.28875E+00     1.11832E+03  2.08287E+00
  1.44724E+03  1.78532E+00     1.69676E+03  1.58756E+00     2.05027E+03  1.34238E+00
  2.05027E+03  1.34278E+00     2.62433E+03  1.01076E+00     3.64485E+03  5.52242E-01
  3.64485E+03  6.65842E-01     4.33915E+03  3.97591E-01     4.85979E+03  2.20764E-01
  5.69508E+03 -2.94004E-02     5.69508E+03 -2.94004E-02     6.56082E+03 -2.55116E-01
  8.20075E+03 -6.15308E-01     8.20075E+03 -5.93708E-01     1.00010E+04 -9.20887E-01
  1.28139E+04 -1.33257E+00     1.45794E+04 -1.54868E+00     1.45794E+04 -1.54268E+00
  1.87441E+04 -1.96653E+00     2.27790E+04 -2.29707E+00     2.27790E+04 -2.29507E+00
  4.05022E+04 -3.27696E+00     3.03030E+06 -1.06830E+01
