  MIHALAS PLANE-PARALLEL NON-LTE   MODEL
      TEMPERATURE =  40000.0   LOG G =   4.0000
    45
   113.9000      -9.035525       133.1800      -7.182555       160.3100    
  -5.397197       160.3200      -5.332452       188.1900      -4.098070    
   227.8100      -2.922421       227.8200      -2.018059       258.4400    
  -1.310795       258.4500       2.047571       314.7400       2.118021    
   402.4100       2.164587       402.4200       2.164565       447.5000    
   2.187139       503.9700       2.219515       503.9800       2.226698    
   577.7400       2.200860       676.8200       2.163778       740.3000    
   2.138309       816.9200       2.105165       861.5000       2.084614    
   911.2200       2.060278       911.2300       2.433469       971.9800    
   2.372610       1025.130       2.319967       1214.960       2.138001    
   1525.760       1.864952       2050.270       1.471502       2050.280    
   1.484698       2624.300       1.127898       3644.700      0.6250010    
   3644.800      0.6693771       4165.600      0.4601693       4859.800    
  0.2150878       5695.100     -4.1078199E-02   5695.200     -3.9893515E-02
   6560.800     -0.2707891       8200.800     -0.6389880       8200.900    
 -0.6317986       10498.00      -1.043889       14579.00      -1.596331    
   14580.00      -1.594791       18744.00      -2.020600       22779.00    
  -2.352345       22780.00      -2.351983       45208.00      -3.523306    
