  MIHALAS PLANE-PARALLEL NON-LTE   MODEL
      TEMPERATURE =  55000.0   LOG G =   4.0000
    45
   113.9000      -5.346725       133.1800      -3.927753       160.3100    
  -2.588397       160.3200      -2.079251       188.1900      -1.160069    
   227.8100     -0.3408212       227.8200       2.945541       258.4400    
   2.991605       258.4500       2.999571       314.7400       3.006021    
   402.4100       2.962587       402.4200       2.962565       447.5000    
   2.927139       503.9700       2.876315       503.9800       2.876298    
   577.7400       2.803660       676.8200       2.702178       740.3000    
   2.637109       816.9200       2.559966       861.5000       2.515814    
   911.2200       2.467078       911.2300       2.517869       971.9800    
   2.451010       1025.130       2.393967       1214.960       2.202001    
   1525.760       1.920152       2050.270       1.518302       2050.280    
   1.517898       2624.300       1.156298       3644.700      0.6442010    
   3644.800      0.6721771       4165.600      0.4625693       4859.800    
  0.2162878       5695.100     -4.1078199E-02   5695.200     -4.0693503E-02
   6560.800     -0.2731891       8200.800     -0.6445880       8200.900    
 -0.6389986       10498.00      -1.053489       14579.00      -1.609531    
   14580.00      -1.608791       18744.00      -2.036600       22779.00    
  -2.369545       22780.00      -2.369183       45208.00      -3.542506    
