 mihalis model (october '85) 25000 k log g 4.5                                  
 Written in SPECTRUM 2 format                                                  
        38
  2.27806E+02 -8.07673E+00     2.58442E+02 -8.84433E+00     3.14744E+02 -6.81271E+00
  4.02406E+02 -4.94333E+00     4.47497E+02 -4.31918E+00     5.03971E+02 -3.72841E+00
  5.03971E+02 -2.24561E+00     5.77744E+02 -1.68307E+00     6.76823E+02 -1.14935E+00
  7.40302E+02 -9.00418E-01     8.16920E+02 -6.68759E-01     8.61497E+02 -5.60508E-01
  9.11228E+02 -4.58854E-01     9.11228E+02  2.22275E+00     1.11832E+03  1.99127E+00
  1.44724E+03  1.68532E+00     1.69676E+03  1.49156E+00     2.05027E+03  1.25638E+00
  2.05027E+03  1.25638E+00     2.62433E+03  9.41964E-01     3.64485E+03  5.08242E-01
  3.64485E+03  6.55442E-01     4.33915E+03  3.91191E-01     4.85979E+03  2.17564E-01
  5.69508E+03 -2.86004E-02     5.69508E+03 -2.86004E-02     6.56082E+03 -2.50716E-01
  8.20075E+03 -6.05308E-01     8.20075E+03 -5.78908E-01     1.00010E+04 -9.03287E-01
  1.28139E+04 -1.31177E+00     1.45794E+04 -1.52588E+00     1.45794E+04 -1.51908E+00
  1.87441E+04 -1.94013E+00     2.27790E+04 -2.26907E+00     2.27790E+04 -2.26667E+00
  4.05022E+04 -3.24576E+00     3.03030E+06 -1.06542E+01
