 C	NON-LTE SURFACE FLUXES FROM AUER-MIHALAS MODELS                              
   TEFF=  120000   LOG G= 6.5   Y= 10%   NLTE LINES MODEL                       
 811
   117.0000      -7.934607       127.0000      -7.951313       137.0000    
  -7.958267       147.0000      -7.957452       157.0000      -7.950378    
   167.0000      -7.938293       177.0001      -7.922975       187.0001    
  -7.906217       197.0000      -7.889326       207.0000      -7.873259    
   217.0001      -7.858708       227.0000      -7.846171       233.0000    
  -7.264218       243.0000      -7.301484       253.0000      -7.338586    
   263.0000      -7.375444       273.0000      -7.411996       283.0001    
  -7.448190       293.0000      -7.483991       303.0000      -7.519366    
   313.0001      -7.554297       323.0000      -7.588766       333.0000    
  -7.622762       342.9999      -7.656280       353.0001      -7.689318    
   363.0001      -7.721874       373.0001      -7.753949       383.0002    
  -7.785545       393.0002      -7.816667       403.0002      -7.847320    
   413.0001      -7.877510       423.0000      -7.907245       433.0001    
  -7.936534       443.0001      -7.965385       452.9999      -7.993808    
   463.0002      -8.021812       473.0001      -8.049405       482.9999    
  -8.076595       493.0001      -8.103394       503.0002      -8.129807    
   511.0001      -8.150658       521.0002      -8.176394       531.0001    
  -8.201765       541.0002      -8.226781       550.9999      -8.251448    
   561.0000      -8.275779       571.0001      -8.299782       581.0000    
  -8.323463       591.0002      -8.346833       600.9999      -8.369898    
   611.0004      -8.392668       621.0002      -8.415147       630.9999    
  -8.437343       641.0001      -8.459264       651.0004      -8.480915    
   661.0002      -8.502304       671.0002      -8.523436       681.0003    
  -8.544316       690.9999      -8.564952       701.0002      -8.585350    
   711.0000      -8.605517       721.0002      -8.625462       730.9999    
  -8.645185       741.0004      -8.664699       750.9999      -8.684004    
   761.0004      -8.703106       771.0001      -8.722003       781.0005    
  -8.740702       790.9999      -8.759200       801.0002      -8.777505    
   811.0001      -8.795614       820.9999      -8.813532       831.0004    
  -8.831264       841.0002      -8.848812       851.0004      -8.866184    
   860.9998      -8.883384       871.0001      -8.900418       881.0004    
  -8.917290       891.0001      -8.934003       901.0005      -8.950565    
   911.0001      -8.966977       911.9999      -8.826626       922.0001    
  -8.843277       932.0000      -8.859763       942.0002      -8.876092    
   952.0001      -8.892263       961.9999      -8.908285       972.0002    
  -8.924161       981.9999      -8.939892       992.0001      -8.955485    
   1002.000      -8.970942       1012.000      -8.986265       1022.000    
  -9.001461       1032.000      -9.016530       1042.000      -9.031475    
   1052.000      -9.046299       1062.000      -9.061003       1072.000    
  -9.075587       1082.000      -9.090055       1092.000      -9.104406    
   1102.000      -9.118645       1112.000      -9.132771       1122.000    
  -9.146788       1132.000      -9.160693       1142.000      -9.174492    
   1152.000      -9.188186       1162.000      -9.201773       1172.000    
  -9.215256       1182.000      -9.228638       1192.000      -9.241920    
   1202.000      -9.255101       1212.000      -9.268185       1222.001    
  -9.281171       1232.000      -9.294061       1242.000      -9.306858    
   1252.000      -9.319562       1262.000      -9.332173       1272.000    
  -9.344695       1282.000      -9.357127       1292.000      -9.369473    
   1302.000      -9.381732       1312.000      -9.393905       1322.000    
  -9.405993       1332.000      -9.417999       1342.000      -9.429922    
   1352.000      -9.441765       1362.000      -9.453528       1372.000    
  -9.465213       1382.000      -9.476819       1392.000      -9.488349    
   1402.000      -9.499804       1412.000      -9.511182       1422.000    
  -9.522488       1432.000      -9.533721       1442.000      -9.544882    
   1452.001      -9.555971       1462.000      -9.566989       1472.000    
  -9.577940       1482.001      -9.588821       1492.001      -9.599635    
   1502.000      -9.610383       1512.000      -9.621063       1522.000    
  -9.631680       1532.000      -9.642230       1542.000      -9.652718    
   1552.000      -9.663143       1562.001      -9.673506       1572.000    
  -9.683806       1582.000      -9.694046       1592.000      -9.704226    
   1602.000      -9.714347       1612.000      -9.724407       1622.000    
  -9.734411       1632.000      -9.744357       1642.000      -9.754248    
   1652.000      -9.764081       1662.000      -9.773858       1672.000    
  -9.783582       1682.000      -9.793249       1692.000      -9.802865    
   1702.000      -9.812427       1712.000      -9.821935       1722.000    
  -9.831391       1732.001      -9.840797       1742.000      -9.850151    
   1752.001      -9.859456       1762.000      -9.868711       1772.001    
  -9.877915       1782.001      -9.887071       1792.000      -9.896178    
   1802.001      -9.905238       1812.000      -9.914249       1822.000    
  -9.923215       1832.001      -9.932135       1842.001      -9.941009    
   1852.000      -9.949835       1862.000      -9.958617       1872.000    
  -9.967356       1882.001      -9.976049       1892.001      -9.984698    
   1902.000      -9.993305       1912.001      -10.00187       1922.000    
  -10.01039       1932.000      -10.01887       1942.000      -10.02731    
   1952.000      -10.03570       1962.000      -10.04406       1972.000    
  -10.05237       1982.000      -10.06065       1992.000      -10.06888    
   2002.000      -10.07708       2012.000      -10.08523       2022.001    
  -10.09335       2032.000      -10.10143       2042.000      -10.10947    
   2051.000      -10.11172       2061.000      -10.11973       2071.001    
  -10.12772       2081.001      -10.13566       2091.000      -10.14356    
   2101.001      -10.15144       2111.001      -10.15927       2121.001    
  -10.16707       2131.000      -10.17483       2141.000      -10.18256    
   2151.001      -10.19025       2161.001      -10.19791       2171.000    
  -10.20553       2181.000      -10.21312       2191.000      -10.22068    
   2201.000      -10.22821       2211.000      -10.23570       2221.000    
  -10.24315       2231.000      -10.25058       2241.000      -10.25797    
   2251.001      -10.26534       2261.001      -10.27267       2271.001    
  -10.27997       2281.001      -10.28724       2291.000      -10.29447    
   2301.001      -10.30168       2311.000      -10.30886       2321.000    
  -10.31600       2331.000      -10.32312       2341.001      -10.33021    
   2351.001      -10.33727       2361.000      -10.34430       2371.000    
  -10.35130       2381.001      -10.35827       2391.000      -10.36522    
   2401.001      -10.37213       2411.001      -10.37902       2421.000    
  -10.38588       2431.001      -10.39272       2441.001      -10.39953    
   2451.001      -10.40631       2461.000      -10.41306       2471.000    
  -10.41979       2481.000      -10.42649       2491.000      -10.43316    
   2501.001      -10.43981       2511.000      -10.44643       2521.000    
  -10.45303       2531.002      -10.45960       2541.000      -10.46615    
   2551.001      -10.47267       2561.000      -10.47917       2571.000    
  -10.48564       2581.000      -10.49209       2591.001      -10.49852    
   2601.000      -10.50492       2611.000      -10.51130       2621.000    
  -10.51765       2631.001      -10.52398       2641.000      -10.53029    
   2651.001      -10.53658       2661.001      -10.54284       2671.000    
  -10.54908       2681.001      -10.55529       2691.000      -10.56149    
   2701.000      -10.56766       2711.000      -10.57381       2721.000    
  -10.57994       2731.000      -10.58604       2741.000      -10.59213    
   2751.000      -10.59819       2761.001      -10.60423       2771.001    
  -10.61025       2781.000      -10.61625       2791.001      -10.62223    
   2801.000      -10.62819       2811.000      -10.63413       2821.001    
  -10.64005       2831.000      -10.64594       2841.001      -10.65182    
   2851.000      -10.65768       2861.000      -10.66352       2871.001    
  -10.66934       2881.001      -10.67513       2891.002      -10.68091    
   2901.000      -10.68667       2911.001      -10.69241       2921.002    
  -10.69814       2931.001      -10.70384       2941.001      -10.70952    
   2951.002      -10.71519       2961.000      -10.72083       2971.001    
  -10.72646       2981.001      -10.73207       2990.999      -10.73766    
   3000.999      -10.74324       3011.001      -10.74879       3021.000    
  -10.75433       3031.002      -10.75985       3040.999      -10.76536    
   3051.000      -10.77084       3061.001      -10.77631       3071.000    
  -10.78176       3081.001      -10.78720       3091.001      -10.79261    
   3101.002      -10.79801       3111.001      -10.80340       3121.001    
  -10.80876       3131.001      -10.81411       3141.002      -10.81945    
   3151.001      -10.82476       3161.000      -10.83006       3170.999    
  -10.83535       3181.000      -10.84062       3191.000      -10.84587    
   3201.000      -10.85110       3211.001      -10.85633       3220.999    
  -10.86153       3231.002      -10.86672       3241.002      -10.87190    
   3251.000      -10.87705       3261.001      -10.88220       3270.999    
  -10.88733       3281.000      -10.89244       3290.999      -10.89754    
   3301.002      -10.90262       3311.000      -10.90769       3321.001    
  -10.91274       3331.000      -10.91778       3341.000      -10.92280    
   3351.000      -10.92781       3361.002      -10.93281       3371.001    
  -10.93779       3381.001      -10.94276       3391.002      -10.94771    
   3401.000      -10.95265       3411.000      -10.95757       3421.003    
  -10.96249       3431.000      -10.96738       3441.001      -10.97226    
   3451.000      -10.97713       3461.001      -10.98199       3471.000    
  -10.98683       3481.001      -10.99166       3491.000      -10.99647    
   3501.000      -11.00128       3511.000      -11.00607       3520.999    
  -11.01084       3531.001      -11.01560       3541.002      -11.02035    
   3551.002      -11.02509       3560.999      -11.02981       3571.001    
  -11.03452       3581.001      -11.03922       3591.000      -11.04391    
   3601.000      -11.04858       3611.001      -11.05324       3621.000    
  -11.05789       3631.001      -11.06252       3641.002      -11.06715    
   3646.002      -11.06204       3656.002      -11.06666       3666.003    
  -11.07126       3676.000      -11.07585       3686.001      -11.08043    
   3696.003      -11.08499       3706.001      -11.08955       3715.998    
  -11.09409       3726.000      -11.09862       3736.001      -11.10313    
   3746.001      -11.10764       3756.000      -11.11213       3766.000    
  -11.11661       3776.001      -11.12108       3786.000      -11.12554    
   3796.000      -11.12999       3806.001      -11.13442       3815.999    
  -11.13885       3826.003      -11.14326       3836.001      -11.14766    
   3846.003      -11.15205       3855.998      -11.15643       3866.000    
  -11.16080       3876.001      -11.16515       3886.002      -11.16950    
   3896.001      -11.17383       3906.002      -11.17815       3916.001    
  -11.18247       3926.000      -11.18677       3936.002      -11.19106    
   3946.000      -11.19534       3956.001      -11.19961       3966.000    
  -11.20387       3976.001      -11.20812       3986.000      -11.21235    
   3996.000      -11.21658       4006.000      -11.22080       4015.999    
  -11.22500       4026.001      -11.22920       4035.999      -11.23339    
   4046.000      -11.23756       4056.003      -11.24173       4066.002    
  -11.24589       4075.999      -11.25003       4086.002      -11.25417    
   4096.005      -11.25829       4106.001      -11.26241       4116.003    
  -11.26652       4126.005      -11.27061       4136.004      -11.27470    
   4146.002      -11.27877       4156.001      -11.28284       4166.002    
  -11.28690       4176.002      -11.29095       4186.002      -11.29499    
   4196.004      -11.29902       4206.004      -11.30303       4216.002    
  -11.30704       4226.001      -11.31105       4236.005      -11.31504    
   4246.002      -11.31902       4256.005      -11.32299       4266.005    
  -11.32696       4276.005      -11.33091       4286.002      -11.33486    
   4296.005      -11.33880       4306.004      -11.34272       4316.003    
  -11.34664       4326.004      -11.35055       4336.004      -11.35445    
   4346.002      -11.35835       4356.000      -11.36223       4366.003    
  -11.36610       4376.004      -11.36997       4386.002      -11.37383    
   4396.001      -11.37768       4406.004      -11.38152       4416.002    
  -11.38535       4426.004      -11.38917       4436.002      -11.39299    
   4446.003      -11.39679       4456.001      -11.40059       4466.003    
  -11.40438       4476.003      -11.40816       4486.002      -11.41193    
   4496.002      -11.41570       4506.005      -11.41946       4516.002    
  -11.42320       4526.002      -11.42694       4536.004      -11.43068    
   4546.003      -11.43440       4556.004      -11.43812       4566.005    
  -11.44182       4576.005      -11.44553       4586.004      -11.44922    
   4596.004      -11.45290       4606.004      -11.45658       4616.003    
  -11.46025       4626.003      -11.46391       4636.002      -11.46756    
   4646.005      -11.47121       4656.004      -11.47484       4666.003    
  -11.47847       4676.004      -11.48210       4686.003      -11.48571    
   4696.003      -11.48932       4706.006      -11.49292       4716.002    
  -11.49651       4726.006      -11.50010       4736.002      -11.50367    
   4746.005      -11.50724       4756.005      -11.51081       4766.002    
  -11.51436       4776.005      -11.51791       4786.002      -11.52145    
   4796.004      -11.52499       4806.004      -11.52851       4816.001    
  -11.53203       4826.002      -11.53554       4836.004      -11.53905    
   4846.004      -11.54255       4856.007      -11.54604       4866.006    
  -11.54952       4876.002      -11.55300       4886.005      -11.55647    
   4896.006      -11.55993       4906.004      -11.56339       4916.001    
  -11.56683       4926.002      -11.57028       4936.005      -11.57371    
   4946.006      -11.57714       4956.005      -11.58056       4966.003    
  -11.58398       4976.005      -11.58739       4986.005      -11.59079    
   4996.006      -11.59418       5006.002      -11.59757       5016.004    
  -11.60095       5026.002      -11.60433       5036.006      -11.60770    
   5046.004      -11.61106       5056.006      -11.61441       5066.005    
  -11.61776       5076.002      -11.62110       5086.002      -11.62444    
   5096.005      -11.62777       5106.002      -11.63109       5116.005    
  -11.63441       5126.005      -11.63772       5136.002      -11.64103    
   5146.004      -11.64432       5156.006      -11.64762       5166.002    
  -11.65090       5176.003      -11.65418       5186.003      -11.65745    
   5196.003      -11.66072       5206.005      -11.66398       5216.003    
  -11.66724       5226.006      -11.67049       5236.003      -11.67373    
   5246.004      -11.67696       5256.004      -11.68019       5266.006    
  -11.68342       5276.003      -11.68664       5286.005      -11.68985    
   5296.006      -11.69306       5306.005      -11.69626       5316.003    
  -11.69945       5326.005      -11.70264       5336.005      -11.70582    
   5346.003      -11.70900       5356.000      -11.71217       5366.001    
  -11.71534       5376.005      -11.71850       5386.002      -11.72165    
   5396.002      -11.72480       5406.003      -11.72794       5416.005    
  -11.73108       5426.004      -11.73421       5436.004      -11.73734    
   5446.005      -11.74046       5456.006      -11.74357       5466.007    
  -11.74668       5476.002      -11.74979       5486.001      -11.75288    
   5496.003      -11.75598       5506.002      -11.75906       5516.004    
  -11.76215       5526.003      -11.76522       5536.005      -11.76829    
   5546.001      -11.77136       5556.002      -11.77442       5566.003    
  -11.77747       5576.004      -11.78052       5586.005      -11.78356    
   5596.001      -11.78660       5606.007      -11.78964       5616.003    
  -11.79266       5626.004      -11.79569       5636.004      -11.79870    
   5646.004      -11.80172       5656.002      -11.80472       5666.006    
  -11.80773       5676.006      -11.81072       5686.002      -11.81371    
   5701.005      -11.81751       5711.007      -11.82049       5721.004    
  -11.82347       5731.004      -11.82644       5741.001      -11.82941    
   5751.001      -11.83237       5761.005      -11.83533       5771.008    
  -11.83828       5781.006      -11.84123       5791.002      -11.84417    
   5801.003      -11.84711       5811.001      -11.85004       5821.001    
  -11.85297       5831.003      -11.85589       5841.005      -11.85881    
   5851.005      -11.86172       5861.003      -11.86463       5871.006    
  -11.86753       5881.003      -11.87043       5891.007      -11.87332    
   5901.005      -11.87621       5911.008      -11.87909       5921.004    
  -11.88197       5931.001      -11.88484       5941.006      -11.88771    
   5951.001      -11.89057       5961.006      -11.89343       5971.005    
  -11.89628       5981.002      -11.89913       5991.005      -11.90198    
   6001.005      -11.90482       6011.005      -11.90765       6021.006    
  -11.91048       6031.006      -11.91331       6041.007      -11.91613    
   6051.004      -11.91895       6061.008      -11.92176       6071.001    
  -11.92456       6081.005      -11.92737       6091.005      -11.93016    
   6101.004      -11.93296       6111.004      -11.93575       6121.006    
  -11.93853       6131.001      -11.94131       6141.002      -11.94409    
   6151.002      -11.94686       6161.006      -11.94962       6171.002    
  -11.95238       6181.004      -11.95514       6191.001      -11.95790    
   6201.005      -11.96064       6211.001      -11.96339       6221.003    
  -11.96613       6231.001      -11.96886       6241.004      -11.97160    
   6251.006      -11.97432       6261.007      -11.97705       6271.004    
  -11.97976       6281.006      -11.98248       6291.003      -11.98519    
   6301.005      -11.98789       6311.003      -11.99059       6321.007    
  -11.99329       6331.005      -11.99598       6341.005      -11.99867    
   6351.000      -12.00135       6361.004      -12.00403       6371.003    
  -12.00671       6381.007      -12.00938       6391.005      -12.01205    
   6401.002      -12.01471       6411.003      -12.01737       6421.003    
  -12.02002       6431.004      -12.02268       6441.003      -12.02532    
   6451.004      -12.02796       6461.002      -12.03060       6471.005    
  -12.03324       6481.002      -12.03587       6491.004      -12.03850    
   6501.004      -12.04112       6511.004      -12.04374       6521.006    
  -12.04635       6531.005      -12.04896       6541.005      -12.05157    
   6551.006      -12.05417       6561.001      -12.05677       6571.004    
  -12.05936       6581.004      -12.06195       6591.004      -12.06454    
   6601.006      -12.06712       6611.004      -12.06970       6621.003    
  -12.07228       6631.003      -12.07485       6641.007      -12.07742    
   6651.003      -12.07998       6661.004      -12.08254       6671.006    
  -12.08510       6681.000      -12.08765       6691.006      -12.09020    
   6701.005      -12.09274       6711.003      -12.09528       6721.006    
  -12.09782       6731.005      -12.10035       6741.001      -12.10288    
   6751.007      -12.10541       6761.007      -12.10793       6771.010    
  -12.11045       6781.005      -12.11296       6791.004      -12.11547    
   6801.002      -12.11798       6811.005      -12.12049       6821.003    
  -12.12298       6831.001      -12.12548       6841.002      -12.12797    
   6851.007      -12.13046       6861.003      -12.13295       6871.007    
  -12.13543       6881.006      -12.13791       6891.001      -12.14038    
   6901.007      -12.14286       6911.005      -12.14532       6921.001    
  -12.14779       6931.001      -12.15025       6941.004      -12.15271    
   6951.006      -12.15516       6961.004      -12.15761       6971.000    
  -12.16006       6981.007      -12.16250       6991.009      -12.16494    
   7001.003      -12.16737       7011.003      -12.16981       7021.009    
  -12.17224       7031.003      -12.17466       7041.003      -12.17708    
   7051.006      -12.17950       7061.008      -12.18192       7071.008    
  -12.18433       7081.003      -12.18674       7091.004      -12.18915    
   7101.004      -12.19155       7111.007      -12.19395       7121.003    
  -12.19634       7131.007      -12.19873       7141.004      -12.20112    
   7151.004      -12.20351       7161.006      -12.20589       7171.006    
  -12.20827       7181.004      -12.21064       7191.001      -12.21301    
   7201.007      -12.21539       7211.008      -12.21775       7221.007    
  -12.22011       7231.007      -12.22247       7241.006      -12.22483    
   7251.002      -12.22718       7261.005      -12.22953       7271.001    
  -12.23188       7281.007      -12.23422       7291.006      -12.23656    
   7301.008      -12.23890       7311.003      -12.24123       7321.003    
  -12.24356       7331.006      -12.24589       7341.006      -12.24821    
   7351.003      -12.25053       7361.006      -12.25285       7371.002    
  -12.25516       7381.004      -12.25747       7391.007      -12.25978    
   7401.007      -12.26209       7411.001      -12.26439       7421.004    
  -12.26669       7431.004      -12.26898       7441.001      -12.27128    
   7451.008      -12.27357       7461.003      -12.27585       7471.008    
  -12.27814       7481.006      -12.28042       7491.005      -12.28270    
   7501.009      -12.28497       7511.010      -12.28724       7521.007    
  -12.28951       7531.006      -12.29178       7541.009      -12.29404    
   7551.005      -12.29630       7561.006      -12.29856       7571.008    
  -12.30081       7581.007      -12.30306       7591.006      -12.30531    
   7601.001      -12.30755       7611.006      -12.30980       7621.007    
  -12.31204       7631.004      -12.31427       7641.007      -12.31650    
   7651.009      -12.31874       7661.004      -12.32096       7671.007    
  -12.32319       7681.007      -12.32541       7691.003      -12.32763    
   7701.008      -12.32984       7711.009      -12.33206       7721.001    
  -12.33426       7731.007      -12.33647       7741.004      -12.33868    
   7751.005      -12.34088       7761.007      -12.34308       7771.005    
  -12.34527       7781.002      -12.34747       7791.004      -12.34966    
   7801.002      -12.35185       7811.000      -12.35403       7821.006    
  -12.35621       7831.008      -12.35839       7841.005      -12.36057    
   7851.011      -12.36274       7861.004      -12.36491       7871.005    
  -12.36708       7881.006      -12.36925       7891.002      -12.37141    
   7901.002      -12.37357       7911.006      -12.37573       7921.002    
  -12.37788       7931.005      -12.38003       7941.008      -12.38218    
   7951.006      -12.38433       7961.004      -12.38647       7971.001    
  -12.38861       7981.006      -12.39075       7991.006      -12.39289    
   8001.010      -12.39502       8011.005      -12.39715       8021.003    
  -12.39928       8031.009      -12.40141       8041.011      -12.40353    
   8051.006      -12.40565       8061.010      -12.40777       8071.000    
  -12.40988       8081.006      -12.41200       8091.008      -12.41411    
   8101.008      -12.41621       8111.002      -12.41832       8121.001    
  -12.42042       8131.007      -12.42252       8141.007      -12.42461    
   8151.007      -12.42671       8161.009      -12.42880       8171.011    
  -12.43089       8181.007      -12.43298       8191.006      -12.43506    
   8201.004      -12.43714    
