  MIHALAS PLANE-PARALLEL NON-LTE   MODEL
      TEMPERATURE =  50000.0   LOG G =   4.5000
    45
   113.9000      -6.117123       133.1800      -4.619354       160.3100    
  -3.216397       160.3200      -3.003251       188.1900      -2.058069    
   227.8100      -1.205621       227.8200       2.244341       258.4400    
   2.423205       258.4500       2.777571       314.7400       2.795621    
   402.4100       2.747787       402.4200       2.747765       447.5000    
   2.709139       503.9700       2.657115       503.9800       2.657098    
   577.7400       2.584060       676.8200       2.489778       740.3000    
   2.431109       816.9200       2.362765       861.5000       2.323814    
   911.2200       2.281078       911.2300       2.582669       971.9800    
   2.511410       1025.130       2.450367       1214.960       2.244801    
   1525.760       1.945352       2050.270       1.526302       2050.280    
   1.539498       2624.300       1.167498       3644.700      0.6514010    
   3644.800      0.6829771       4165.600      0.4685693       4859.800    
  0.2182878       5695.100     -4.1478220E-02   5695.200     -4.0293496E-02
   6560.800     -0.2743891       8200.800     -0.6465880       8200.900    
 -0.6417986       10498.00      -1.057489       14579.00      -1.613531    
   14580.00      -1.612791       18744.00      -2.040600       22779.00    
  -2.373545       22780.00      -2.373183       45208.00      -3.547306    
