  MIHALAS PLANE-PARALLEL NON-LTE   MODEL
      TEMPERATURE =  30000.0   LOG G =   3.0000
    45
   113.9000      -14.88952       133.1800      -12.18176       160.3100    
  -9.544396       160.3200      -9.535651       188.1900      -7.676069    
   227.8100      -5.874821       227.8200      -4.440060       258.4400    
  -3.483195       258.4500      0.4211711       314.7400      0.5380206    
   402.4100       1.015387       402.4200       1.052565       447.5000    
   1.295938       503.9700       1.571515       503.9800       1.673498    
   577.7400       1.751260       676.8200       1.829778       740.3000    
   1.868709       816.9200       1.904366       861.5000       1.920214    
   911.2200       1.933878       911.2300       2.088669       971.9800    
   2.048610       1025.130       2.012767       1214.960       1.882801    
   1525.760       1.674152       2050.270       1.348302       2050.280    
   1.349498       2624.300       1.037098       3644.700      0.5714010    
   3644.800      0.6229771       4165.600      0.4317693       4859.800    
  0.2034878       5695.100     -3.8278215E-02   5695.200     -3.7893500E-02
   6560.800     -0.2595891       8200.800     -0.6173880       8200.900    
 -0.6045986       10498.00      -1.005889       14579.00      -1.550331    
   14580.00      -1.546791       18744.00      -1.968200       22779.00    
  -2.297545       22780.00      -2.296383       45208.00      -3.462506    
