 mihalis model (october '85) 32500 k log g 3.5                                  
 Written in SPECTRUM 2 format                                                  
        43
  1.13903E+02 -1.25575E+01     1.33182E+02 -1.00929E+01     1.60317E+02 -7.67916E+00
  1.88194E+02 -5.97241E+00     2.27806E+02 -4.32553E+00     2.27806E+02  4.68470E-01
  2.58442E+02  4.98874E-01     3.14744E+02  5.37287E-01     4.02406E+02  9.07870E-01
  4.47497E+02  1.15842E+00     5.03971E+02  1.43239E+00     5.03971E+02  1.73039E+00
  5.77744E+02  1.76813E+00     6.76823E+02  1.81345E+00     7.40302E+02  1.83798E+00
  8.16920E+02  1.86084E+00     8.61497E+02  1.87029E+00     9.11228E+02  1.87835E+00
  9.11228E+02  2.27435E+00     9.71978E+02  2.22509E+00     1.02513E+03  2.18165E+00
  1.21496E+03  2.02727E+00     1.52576E+03  1.78543E+00     2.05027E+03  1.43398E+00
  2.05027E+03  1.43398E+00     2.62433E+03  1.09796E+00     3.64485E+03  6.18242E-01
  3.64485E+03  6.66242E-01     4.16563E+03  4.62640E-01     4.85979E+03  2.22364E-01
  5.69508E+03 -2.98004E-02     5.69508E+03 -2.98004E-02     6.56082E+03 -2.58316E-01
  8.20075E+03 -6.23708E-01     8.20075E+03 -6.10908E-01     1.04976E+04 -1.02098E+00
  1.45794E+04 -1.57228E+00     1.45794E+04 -1.56868E+00     1.87441E+04 -1.99413E+00
  2.27790E+04 -2.32507E+00     2.27790E+04 -2.32427E+00     4.52080E+04 -3.49323E+00
  3.03030E+06 -1.07078E+01
