 mihalis model (october '85) 37500 k log g 4.5                                  
 Written in SPECTRUM 2 format                                                  
        43
  1.13903E+02 -9.39827E+00     1.33182E+02 -7.47929E+00     1.60317E+02 -5.64356E+00
  1.88194E+02 -4.35441E+00     2.27806E+02 -3.10913E+00     2.27806E+02  1.54447E+00
  2.58442E+02  1.53567E+00     3.14744E+02  1.47689E+00     4.02406E+02  1.56827E+00
  4.47497E+02  1.68922E+00     5.03971E+02  1.83759E+00     5.03971E+02  1.98479E+00
  5.77744E+02  1.96933E+00     6.76823E+02  1.95425E+00     7.40302E+02  1.94398E+00
  8.16920E+02  1.92804E+00     8.61497E+02  1.91709E+00     9.11228E+02  1.90435E+00
  9.11228E+02  2.49195E+00     9.71978E+02  2.42509E+00     1.02513E+03  2.36805E+00
  1.21496E+03  2.17327E+00     1.52576E+03  1.88823E+00     2.05027E+03  1.50038E+00
  2.05027E+03  1.50038E+00     2.62433E+03  1.14036E+00     3.64485E+03  6.41842E-01
  3.64485E+03  6.87042E-01     4.16563E+03  4.75040E-01     4.85979E+03  2.27164E-01
  5.69508E+03 -3.06004E-02     5.69508E+03 -3.06004E-02     6.56082E+03 -2.63116E-01
  8.20075E+03 -6.32908E-01     8.20075E+03 -6.24108E-01     1.04976E+04 -1.03858E+00
  1.45794E+04 -1.59348E+00     1.45794E+04 -1.59108E+00     1.87441E+04 -2.01813E+00
  2.27790E+04 -2.35067E+00     2.27790E+04 -2.34987E+00     4.52080E+04 -3.52243E+00
  3.03030E+06 -1.07318E+01
