  MIHALAS PLANE-PARALLEL NON-LTE   MODEL
      TEMPERATURE =  40000.0   LOG G =   3.5000
    45
   113.9000      -9.852725       133.1800      -7.888155       160.3100    
  -5.986398       160.3200      -5.900051       188.1900      -4.586069    
   227.8100      -3.335621       227.8200      -2.097660       258.4400    
  -1.372396       258.4500       2.113971       314.7400       2.230021    
   402.4100       2.321387       402.4200       2.320965       447.5000    
   2.347138       503.9700       2.368715       503.9800       2.359898    
   577.7400       2.354060       676.8200       2.328978       740.3000    
   2.306709       816.9200       2.275566       861.5000       2.255814    
   911.2200       2.232678       911.2300       2.310668       971.9800    
   2.256610       1025.130       2.209967       1214.960       2.048001    
   1525.760       1.802552       2050.270       1.438303       2050.280    
   1.438298       2624.300       1.101097       3644.700      0.6110010    
   3644.800      0.6481770       4165.600      0.4473693       4859.800    
  0.2102878       5695.100     -3.9878223E-02   5695.200     -3.9493475E-02
   6560.800     -0.2663891       8200.800     -0.6305880       8200.900    
 -0.6225986       10498.00      -1.030289       14579.00      -1.579931    
   14580.00      -1.577991       18744.00      -2.002200       22779.00    
  -2.333145       22780.00      -2.332783       45208.00      -3.503306    
