 mihalis model (october '85) 35000 k log g 4.5                                  
 Written in SPECTRUM 2 format                                                  
        43
  1.13903E+02 -1.07895E+01     1.33182E+02 -8.60889E+00     1.60317E+02 -6.48916E+00
  1.88194E+02 -4.97881E+00     2.27806E+02 -3.50473E+00     2.27806E+02  5.85670E-01
  2.58442E+02  4.24074E-01     3.14744E+02  2.41287E-01     4.02406E+02  6.61471E-01
  4.47497E+02  9.16019E-01     5.03971E+02  1.17679E+00     5.03971E+02  1.68399E+00
  5.77744E+02  1.68013E+00     6.76823E+02  1.69225E+00     7.40302E+02  1.70198E+00
  8.16920E+02  1.70924E+00     8.61497E+02  1.71069E+00     9.11228E+02  1.70955E+00
  9.11228E+02  2.47515E+00     9.71978E+02  2.40909E+00     1.02513E+03  2.35245E+00
  1.21496E+03  2.15927E+00     1.52576E+03  1.87583E+00     2.05027E+03  1.48478E+00
  2.05027E+03  1.48478E+00     2.62433E+03  1.12556E+00     3.64485E+03  6.28642E-01
  3.64485E+03  6.88242E-01     4.16563E+03  4.75840E-01     4.85979E+03  2.27564E-01
  5.69508E+03 -3.10003E-02     5.69508E+03 -3.10003E-02     6.56082E+03 -2.63516E-01
  8.20075E+03 -6.33308E-01     8.20075E+03 -6.21308E-01     1.04976E+04 -1.03618E+00
  1.45794E+04 -1.59148E+00     1.45794E+04 -1.58828E+00     1.87441E+04 -2.01573E+00
  2.27790E+04 -2.34827E+00     2.27790E+04 -2.34747E+00     4.52080E+04 -3.52043E+00
  3.03030E+06 -1.07310E+01
