 C	NON-LTE SURFACE FLUXES FROM AUER-MIHALAS MODELS                              
  TEFF=80000 LOG G =6.5  Y= 10%   NLTE LINES MODEL                              
 811
   117.0000      -13.61214       127.0000      -13.12312       137.0000    
  -12.70758       147.0000      -12.35334       157.0000      -12.05080    
   167.0000      -11.79224       177.0001      -11.57069       187.0001    
  -11.38014       197.0000      -11.21573       207.0000      -11.07352    
   217.0001      -10.95028       227.0000      -10.84333       233.0000    
  -8.010006       243.0000      -8.043092       253.0000      -8.076025    
   263.0000      -8.108694       273.0000      -8.141011       283.0001    
  -8.172911       293.0000      -8.204340       303.0000      -8.235258    
   313.0001      -8.265635       323.0000      -8.295453       333.0000    
  -8.324706       342.9999      -8.353399       353.0001      -8.381536    
   363.0001      -8.409124       373.0001      -8.436172       383.0002    
  -8.462688       393.0002      -8.488681       403.0002      -8.514163    
   413.0001      -8.539145       423.0000      -8.563643       433.0001    
  -8.587675       443.0001      -8.611257       452.9999      -8.634405    
   463.0002      -8.657134       473.0001      -8.679458       482.9999    
  -8.701388       493.0001      -8.722939       503.0002      -8.744123    
   511.0001      -8.760860       521.0002      -8.781484       531.0001    
  -8.801773       541.0002      -8.821742       550.9999      -8.841398    
   561.0000      -8.860758       571.0001      -8.879828       581.0000    
  -8.898620       591.0002      -8.917141       600.9999      -8.935402    
   611.0004      -8.953411       621.0002      -8.971174       630.9999    
  -8.988700       641.0001      -9.005997       651.0004      -9.023071    
   661.0002      -9.039928       671.0002      -9.056576       681.0003    
  -9.073020       690.9999      -9.089265       701.0002      -9.105326    
   711.0000      -9.121206       721.0002      -9.136918       730.9999    
  -9.152466       741.0004      -9.167861       750.9999      -9.183105    
   761.0004      -9.198206       771.0001      -9.213164       781.0005    
  -9.227984       790.9999      -9.242667       801.0002      -9.257217    
   811.0001      -9.271638       820.9999      -9.285930       831.0004    
  -9.300098       841.0002      -9.314141       851.0004      -9.328062    
   860.9998      -9.341861       871.0001      -9.355544       881.0004    
  -9.369109       891.0001      -9.382557       901.0005      -9.395893    
   911.0001      -9.409115       911.9999      -9.149193       922.0001    
  -9.164935       932.0000      -9.180556       942.0002      -9.196057    
   952.0001      -9.211433       961.9999      -9.226687       972.0002    
  -9.241818       981.9999      -9.256825       992.0001      -9.271707    
   1002.000      -9.286464       1012.000      -9.301095       1022.000    
  -9.315601       1032.000      -9.329984       1042.000      -9.344241    
   1052.000      -9.358377       1062.000      -9.372396       1072.000    
  -9.386299       1082.000      -9.400086       1092.000      -9.413764    
   1102.000      -9.427330       1112.000      -9.440790       1122.000    
  -9.454144       1132.000      -9.467395       1142.000      -9.480544    
   1152.000      -9.493595       1162.000      -9.506547       1172.000    
  -9.519402       1182.000      -9.532164       1192.000      -9.544832    
   1202.000      -9.557410       1212.000      -9.569899       1222.001    
  -9.582299       1232.000      -9.594611       1242.000      -9.606840    
   1252.000      -9.618983       1262.000      -9.631043       1272.000    
  -9.643021       1282.000      -9.654917       1292.000      -9.666733    
   1302.000      -9.678470       1312.000      -9.690127       1322.000    
  -9.701708       1332.000      -9.713212       1342.000      -9.724640    
   1352.000      -9.735994       1362.000      -9.747275       1372.000    
  -9.758483       1382.000      -9.769618       1392.000      -9.780683    
   1402.000      -9.791677       1412.000      -9.802601       1422.000    
  -9.813457       1432.000      -9.824245       1442.000      -9.834966    
   1452.001      -9.845621       1462.000      -9.856209       1472.000    
  -9.866734       1482.001      -9.877193       1492.001      -9.887590    
   1502.000      -9.897923       1512.000      -9.908195       1522.000    
  -9.918406       1532.000      -9.928555       1542.000      -9.938644    
   1552.000      -9.948675       1562.001      -9.958648       1572.000    
  -9.968561       1582.000      -9.978417       1592.000      -9.988215    
   1602.000      -9.997959       1612.000      -10.00765       1622.000    
  -10.01728       1632.000      -10.02686       1642.000      -10.03638    
   1652.000      -10.04585       1662.000      -10.05527       1672.000    
  -10.06463       1682.000      -10.07395       1692.000      -10.08321    
   1702.000      -10.09242       1712.000      -10.10158       1722.000    
  -10.11069       1732.001      -10.11975       1742.000      -10.12877    
   1752.001      -10.13773       1762.000      -10.14665       1772.001    
  -10.15552       1782.001      -10.16434       1792.000      -10.17312    
   1802.001      -10.18185       1812.000      -10.19053       1822.000    
  -10.19917       1832.001      -10.20777       1842.001      -10.21632    
   1852.000      -10.22482       1862.000      -10.23328       1872.000    
  -10.24171       1882.001      -10.25008       1892.001      -10.25842    
   1902.000      -10.26671       1912.001      -10.27496       1922.000    
  -10.28317       1932.000      -10.29134       1942.000      -10.29947    
   1952.000      -10.30756       1962.000      -10.31561       1972.000    
  -10.32362       1982.000      -10.33159       1992.000      -10.33953    
   2002.000      -10.34742       2012.000      -10.35528       2022.001    
  -10.36310       2032.000      -10.37088       2042.000      -10.37862    
   2051.000      -10.37437       2061.000      -10.38215       2071.001    
  -10.38989       2081.001      -10.39759       2091.000      -10.40526    
   2101.001      -10.41290       2111.001      -10.42050       2121.001    
  -10.42806       2131.000      -10.43559       2141.000      -10.44309    
   2151.001      -10.45056       2161.001      -10.45799       2171.000    
  -10.46539       2181.000      -10.47276       2191.000      -10.48010    
   2201.000      -10.48740       2211.000      -10.49467       2221.000    
  -10.50191       2231.000      -10.50912       2241.000      -10.51630    
   2251.001      -10.52345       2261.001      -10.53057       2271.001    
  -10.53766       2281.001      -10.54472       2291.000      -10.55175    
   2301.001      -10.55876       2311.000      -10.56573       2321.000    
  -10.57267       2331.000      -10.57959       2341.001      -10.58648    
   2351.001      -10.59334       2361.000      -10.60017       2371.000    
  -10.60697       2381.001      -10.61375       2391.000      -10.62050    
   2401.001      -10.62723       2411.001      -10.63392       2421.000    
  -10.64059       2431.001      -10.64724       2441.001      -10.65386    
   2451.001      -10.66045       2461.000      -10.66702       2471.000    
  -10.67356       2481.000      -10.68008       2491.000      -10.68657    
   2501.001      -10.69304       2511.000      -10.69948       2521.000    
  -10.70590       2531.002      -10.71230       2541.000      -10.71867    
   2551.001      -10.72502       2561.000      -10.73134       2571.000    
  -10.73764       2581.000      -10.74392       2591.001      -10.75017    
   2601.000      -10.75640       2611.000      -10.76261       2621.000    
  -10.76880       2631.001      -10.77496       2641.000      -10.78110    
   2651.001      -10.78722       2661.001      -10.79332       2671.000    
  -10.79939       2681.001      -10.80545       2691.000      -10.81148    
   2701.000      -10.81749       2711.000      -10.82348       2721.000    
  -10.82945       2731.000      -10.83540       2741.000      -10.84133    
   2751.000      -10.84723       2761.001      -10.85312       2771.001    
  -10.85899       2781.000      -10.86483       2791.001      -10.87066    
   2801.000      -10.87647       2811.000      -10.88225       2821.001    
  -10.88802       2831.000      -10.89377       2841.001      -10.89950    
   2851.000      -10.90521       2861.000      -10.91090       2871.001    
  -10.91657       2881.001      -10.92223       2891.002      -10.92786    
   2901.000      -10.93348       2911.001      -10.93907       2921.002    
  -10.94465       2931.001      -10.95022       2941.001      -10.95576    
   2951.002      -10.96128       2961.000      -10.96679       2971.001    
  -10.97228       2981.001      -10.97776       2990.999      -10.98321    
   3000.999      -10.98865       3011.001      -10.99407       3021.000    
  -10.99947       3031.002      -11.00486       3040.999      -11.01023    
   3051.000      -11.01558       3061.001      -11.02092       3071.000    
  -11.02624       3081.001      -11.03154       3091.001      -11.03683    
   3101.002      -11.04210       3111.001      -11.04736       3121.001    
  -11.05260       3131.001      -11.05782       3141.002      -11.06303    
   3151.001      -11.06822       3161.000      -11.07339       3170.999    
  -11.07855       3181.000      -11.08370       3191.000      -11.08883    
   3201.000      -11.09394       3211.001      -11.09904       3220.999    
  -11.10412       3231.002      -11.10919       3241.002      -11.11425    
   3251.000      -11.11929       3261.001      -11.12431       3270.999    
  -11.12932       3281.000      -11.13431       3290.999      -11.13930    
   3301.002      -11.14426       3311.000      -11.14921       3321.001    
  -11.15415       3331.000      -11.15908       3341.000      -11.16399    
   3351.000      -11.16888       3361.002      -11.17377       3371.001    
  -11.17863       3381.001      -11.18349       3391.002      -11.18833    
   3401.000      -11.19316       3411.000      -11.19797       3421.003    
  -11.20277       3431.000      -11.20756       3441.001      -11.21233    
   3451.000      -11.21709       3461.001      -11.22184       3471.000    
  -11.22658       3481.001      -11.23130       3491.000      -11.23601    
   3501.000      -11.24070       3511.000      -11.24539       3520.999    
  -11.25006       3531.001      -11.25472       3541.002      -11.25936    
   3551.002      -11.26400       3560.999      -11.26861       3571.001    
  -11.27322       3581.001      -11.27782       3591.000      -11.28240    
   3601.000      -11.28698       3611.001      -11.29154       3621.000    
  -11.29608       3631.001      -11.30062       3641.002      -11.30514    
   3646.002      -11.29255       3656.002      -11.29709       3666.003    
  -11.30161       3676.000      -11.30612       3686.001      -11.31062    
   3696.003      -11.31511       3706.001      -11.31959       3715.998    
  -11.32405       3726.000      -11.32850       3736.001      -11.33295    
   3746.001      -11.33738       3756.000      -11.34180       3766.000    
  -11.34621       3776.001      -11.35061       3786.000      -11.35499    
   3796.000      -11.35937       3806.001      -11.36373       3815.999    
  -11.36809       3826.003      -11.37243       3836.001      -11.37676    
   3846.003      -11.38109       3855.998      -11.38540       3866.000    
  -11.38970       3876.001      -11.39399       3886.002      -11.39827    
   3896.001      -11.40253       3906.002      -11.40679       3916.001    
  -11.41104       3926.000      -11.41528       3936.002      -11.41951    
   3946.000      -11.42372       3956.001      -11.42793       3966.000    
  -11.43213       3976.001      -11.43631       3986.000      -11.44049    
   3996.000      -11.44466       4006.000      -11.44881       4015.999    
  -11.45296       4026.001      -11.45710       4035.999      -11.46122    
   4046.000      -11.46534       4056.003      -11.46945       4066.002    
  -11.47355       4075.999      -11.47763       4086.002      -11.48172    
   4096.005      -11.48579       4106.001      -11.48984       4116.003    
  -11.49389       4126.005      -11.49794       4136.004      -11.50197    
   4146.002      -11.50599       4156.001      -11.51000       4166.002    
  -11.51400       4176.002      -11.51800       4186.002      -11.52198    
   4196.004      -11.52596       4206.004      -11.52993       4216.002    
  -11.53388       4226.001      -11.53783       4236.005      -11.54177    
   4246.002      -11.54570       4256.005      -11.54963       4266.005    
  -11.55354       4276.005      -11.55744       4286.002      -11.56134    
   4296.005      -11.56523       4306.004      -11.56910       4316.003    
  -11.57297       4326.004      -11.57683       4336.004      -11.58069    
   4346.002      -11.58453       4356.000      -11.58836       4366.003    
  -11.59219       4376.004      -11.59601       4386.002      -11.59982    
   4396.001      -11.60362       4406.004      -11.60741       4416.002    
  -11.61120       4426.004      -11.61497       4436.002      -11.61874    
   4446.003      -11.62250       4456.001      -11.62625       4466.003    
  -11.63000       4476.003      -11.63373       4486.002      -11.63746    
   4496.002      -11.64118       4506.005      -11.64489       4516.002    
  -11.64859       4526.002      -11.65229       4536.004      -11.65597    
   4546.003      -11.65965       4556.004      -11.66333       4566.005    
  -11.66699       4576.005      -11.67065       4586.004      -11.67429    
   4596.004      -11.67793       4606.004      -11.68157       4616.003    
  -11.68519       4626.003      -11.68881       4636.002      -11.69242    
   4646.005      -11.69602       4656.004      -11.69962       4666.003    
  -11.70321       4676.004      -11.70679       4686.003      -11.71036    
   4696.003      -11.71392       4706.006      -11.71748       4716.002    
  -11.72103       4726.006      -11.72457       4736.002      -11.72811    
   4746.005      -11.73164       4756.005      -11.73516       4766.002    
  -11.73867       4776.005      -11.74218       4786.002      -11.74568    
   4796.004      -11.74917       4806.004      -11.75266       4816.001    
  -11.75613       4826.002      -11.75961       4836.004      -11.76307    
   4846.004      -11.76653       4856.007      -11.76998       4866.006    
  -11.77342       4876.002      -11.77686       4886.005      -11.78029    
   4896.006      -11.78371       4906.004      -11.78712       4916.001    
  -11.79053       4926.002      -11.79394       4936.005      -11.79733    
   4946.006      -11.80072       4956.005      -11.80410       4966.003    
  -11.80748       4976.005      -11.81085       4986.005      -11.81421    
   4996.006      -11.81756       5006.002      -11.82091       5016.004    
  -11.82425       5026.002      -11.82759       5036.006      -11.83092    
   5046.004      -11.83424       5056.006      -11.83756       5066.005    
  -11.84087       5076.002      -11.84417       5086.002      -11.84747    
   5096.005      -11.85076       5106.002      -11.85404       5116.005    
  -11.85732       5126.005      -11.86059       5136.002      -11.86386    
   5146.004      -11.86712       5156.006      -11.87037       5166.002    
  -11.87362       5176.003      -11.87686       5186.003      -11.88009    
   5196.003      -11.88332       5206.005      -11.88654       5216.003    
  -11.88976       5226.006      -11.89297       5236.003      -11.89617    
   5246.004      -11.89937       5256.004      -11.90256       5266.006    
  -11.90575       5276.003      -11.90893       5286.005      -11.91210    
   5296.006      -11.91527       5306.005      -11.91843       5316.003    
  -11.92159       5326.005      -11.92474       5336.005      -11.92789    
   5346.003      -11.93102       5356.000      -11.93415       5366.001    
  -11.93728       5376.005      -11.94040       5386.002      -11.94352    
   5396.002      -11.94663       5406.003      -11.94973       5416.005    
  -11.95283       5426.004      -11.95593       5436.004      -11.95901    
   5446.005      -11.96210       5456.006      -11.96517       5466.007    
  -11.96824       5476.002      -11.97131       5486.001      -11.97436    
   5496.003      -11.97742       5506.002      -11.98047       5516.004    
  -11.98351       5526.003      -11.98655       5536.005      -11.98958    
   5546.001      -11.99261       5556.002      -11.99563       5566.003    
  -11.99864       5576.004      -12.00165       5586.005      -12.00466    
   5596.001      -12.00766       5606.007      -12.01065       5616.003    
  -12.01364       5626.004      -12.01662       5636.004      -12.01960    
   5646.004      -12.02258       5656.002      -12.02554       5666.006    
  -12.02851       5676.006      -12.03146       5686.002      -12.03442    
   5701.005      -12.03781       5711.007      -12.04076       5721.004    
  -12.04371       5731.004      -12.04665       5741.001      -12.04958    
   5751.001      -12.05251       5761.005      -12.05543       5771.008    
  -12.05835       5781.006      -12.06127       5791.002      -12.06417    
   5801.003      -12.06708       5811.001      -12.06998       5821.001    
  -12.07287       5831.003      -12.07576       5841.005      -12.07865    
   5851.005      -12.08153       5861.003      -12.08440       5871.006    
  -12.08727       5881.003      -12.09014       5891.007      -12.09300    
   5901.005      -12.09586       5911.008      -12.09871       5921.004    
  -12.10155       5931.001      -12.10439       5941.006      -12.10723    
   5951.001      -12.11006       5961.006      -12.11289       5971.005    
  -12.11572       5981.002      -12.11853       5991.005      -12.12135    
   6001.005      -12.12416       6011.005      -12.12696       6021.006    
  -12.12976       6031.006      -12.13256       6041.007      -12.13535    
   6051.004      -12.13813       6061.008      -12.14092       6071.001    
  -12.14369       6081.005      -12.14647       6091.005      -12.14923    
   6101.004      -12.15200       6111.004      -12.15476       6121.006    
  -12.15751       6131.001      -12.16026       6141.002      -12.16301    
   6151.002      -12.16575       6161.006      -12.16849       6171.002    
  -12.17122       6181.004      -12.17395       6191.001      -12.17667    
   6201.005      -12.17940       6211.001      -12.18211       6221.003    
  -12.18482       6231.001      -12.18753       6241.004      -12.19023    
   6251.006      -12.19293       6261.007      -12.19563       6271.004    
  -12.19832       6281.006      -12.20100       6291.003      -12.20368    
   6301.005      -12.20636       6311.003      -12.20904       6321.007    
  -12.21171       6331.005      -12.21437       6341.005      -12.21703    
   6351.000      -12.21969       6361.004      -12.22234       6371.003    
  -12.22499       6381.007      -12.22764       6391.005      -12.23028    
   6401.002      -12.23291       6411.003      -12.23554       6421.003    
  -12.23817       6431.004      -12.24080       6441.003      -12.24342    
   6451.004      -12.24603       6461.002      -12.24865       6471.005    
  -12.25126       6481.002      -12.25386       6491.004      -12.25646    
   6501.004      -12.25906       6511.004      -12.26165       6521.006    
  -12.26424       6531.005      -12.26683       6541.005      -12.26941    
   6551.006      -12.27198       6561.001      -12.27456       6571.004    
  -12.27713       6581.004      -12.27969       6591.004      -12.28225    
   6601.006      -12.28481       6611.004      -12.28737       6621.003    
  -12.28992       6631.003      -12.29246       6641.007      -12.29501    
   6651.003      -12.29755       6661.004      -12.30008       6671.006    
  -12.30261       6681.000      -12.30514       6691.006      -12.30767    
   6701.005      -12.31019       6711.003      -12.31270       6721.006    
  -12.31522       6731.005      -12.31773       6741.001      -12.32023    
   6751.007      -12.32274       6761.007      -12.32523       6771.010    
  -12.32773       6781.005      -12.33022       6791.004      -12.33271    
   6801.002      -12.33519       6811.005      -12.33767       6821.003    
  -12.34015       6831.001      -12.34262       6841.002      -12.34509    
   6851.007      -12.34756       6861.003      -12.35002       6871.007    
  -12.35248       6881.006      -12.35494       6891.001      -12.35739    
   6901.007      -12.35984       6911.005      -12.36228       6921.001    
  -12.36473       6931.001      -12.36716       6941.004      -12.36960    
   6951.006      -12.37203       6961.004      -12.37446       6971.000    
  -12.37688       6981.007      -12.37931       6991.009      -12.38172    
   7001.003      -12.38414       7011.003      -12.38655       7021.009    
  -12.38896       7031.003      -12.39136       7041.003      -12.39376    
   7051.006      -12.39616       7061.008      -12.39855       7071.008    
  -12.40095       7081.003      -12.40333       7091.004      -12.40572    
   7101.004      -12.40810       7111.007      -12.41048       7121.003    
  -12.41285       7131.007      -12.41522       7141.004      -12.41759    
   7151.004      -12.41995       7161.006      -12.42232       7171.006    
  -12.42467       7181.004      -12.42703       7191.001      -12.42938    
   7201.007      -12.43173       7211.008      -12.43407       7221.007    
  -12.43642       7231.007      -12.43876       7241.006      -12.44109    
   7251.002      -12.44342       7261.005      -12.44575       7271.001    
  -12.44808       7281.007      -12.45040       7291.006      -12.45272    
   7301.008      -12.45504       7311.003      -12.45735       7321.003    
  -12.45966       7331.006      -12.46197       7341.006      -12.46428    
   7351.003      -12.46658       7361.006      -12.46888       7371.002    
  -12.47117       7381.004      -12.47346       7391.007      -12.47575    
   7401.007      -12.47804       7411.001      -12.48032       7421.004    
  -12.48260       7431.004      -12.48488       7441.001      -12.48715    
   7451.008      -12.48943       7461.003      -12.49169       7471.008    
  -12.49396       7481.006      -12.49622       7491.005      -12.49848    
   7501.009      -12.50074       7511.010      -12.50299       7521.007    
  -12.50524       7531.006      -12.50749       7541.009      -12.50973    
   7551.005      -12.51197       7561.006      -12.51421       7571.008    
  -12.51645       7581.007      -12.51868       7591.006      -12.52091    
   7601.001      -12.52314       7611.006      -12.52536       7621.007    
  -12.52759       7631.004      -12.52980       7641.007      -12.53202    
   7651.009      -12.53423       7661.004      -12.53644       7671.007    
  -12.53865       7681.007      -12.54085       7691.003      -12.54305    
   7701.008      -12.54525       7711.009      -12.54745       7721.001    
  -12.54964       7731.007      -12.55183       7741.004      -12.55402    
   7751.005      -12.55620       7761.007      -12.55839       7771.005    
  -12.56056       7781.002      -12.56274       7791.004      -12.56491    
   7801.002      -12.56709       7811.000      -12.56925       7821.006    
  -12.57142       7831.008      -12.57358       7841.005      -12.57574    
   7851.011      -12.57790       7861.004      -12.58006       7871.005    
  -12.58221       7881.006      -12.58436       7891.002      -12.58650    
   7901.002      -12.58865       7911.006      -12.59079       7921.002    
  -12.59293       7931.005      -12.59506       7941.008      -12.59720    
   7951.006      -12.59933       7961.004      -12.60146       7971.001    
  -12.60358       7981.006      -12.60570       7991.006      -12.60783    
   8001.010      -12.60994       8011.005      -12.61206       8021.003    
  -12.61417       8031.009      -12.61628       8041.011      -12.61839    
   8051.006      -12.62049       8061.010      -12.62260       8071.000    
  -12.62469       8081.006      -12.62679       8091.008      -12.62889    
   8101.008      -12.63098       8111.002      -12.63307       8121.001    
  -12.63515       8131.007      -12.63724       8141.007      -12.63932    
   8151.007      -12.64140       8161.009      -12.64348       8171.011    
  -12.64555       8181.007      -12.64762       8191.006      -12.64969    
   8201.004      -12.65176    
