  MIHALAS PLANE-PARALLEL NON-LTE   MODEL
      TEMPERATURE =  17500.0   LOG G =   3.0000
    45
   113.9000      -26.62352       133.1800      -26.75935       160.3100    
  -26.92040       160.3200      -26.92045       188.1900      -27.05967    
   227.8100      -15.31762       258.4400      -13.34240       258.4500    
  -13.34203       314.7400      -10.76318       402.4000      -8.266593    
   402.4100      -8.253014       447.5000      -7.382862       503.9700    
  -6.536485       503.9800      -5.029303       577.7400      -4.117141    
   676.8200      -3.294622       740.3000      -2.925691       816.9200    
  -2.589635       861.5000      -2.434986       911.2200      -2.290122    
   911.2300       1.518669       1118.320       1.435992       1447.240    
   1.270443       1696.760       1.140684       2050.270      0.9675024    
   2050.280      0.9674981       2624.300      0.7214975       3644.700    
  0.3702010       3644.800      0.5909770       4339.100      0.3531252    
   4859.800      0.1930878       5695.100     -3.6278207E-02   5695.200    
 -3.6293488E-02   6560.800     -0.2455891       8200.800     -0.5833880    
   8200.900     -0.5417986       10001.00     -0.8549624       12814.00    
  -1.252645       14579.00      -1.462331       14580.00      -1.450391    
   18744.00      -1.865000       22779.00      -2.189545       22780.00    
  -2.185583       40502.00      -3.156229       3030303.      -10.53025    
