 C	NON-LTE SURFACE FLUXES FROM AUER-MIHALAS MODELS                              
    TEFF= 140000  LOG G= 6.5   Y= 10%   NLTE LINES MODEL                        
 811
   117.0000      -7.216368       127.0000      -7.239265       137.0000    
  -7.260019       147.0000      -7.278318       157.0000      -7.294027    
   167.0000      -7.307166       177.0001      -7.318233       187.0001    
  -7.327877       197.0000      -7.336586       207.0000      -7.344728    
   217.0001      -7.352583       227.0000      -7.360366       233.0000    
  -7.071269       243.0000      -7.111545       253.0000      -7.151442    
   263.0000      -7.190908       273.0000      -7.229907       283.0001    
  -7.268411       293.0000      -7.306398       303.0000      -7.343855    
   313.0001      -7.380775       323.0000      -7.417150       333.0000    
  -7.452981       342.9999      -7.488264       353.0001      -7.523003    
   363.0001      -7.557199       373.0001      -7.590859       383.0002    
  -7.623990       393.0002      -7.656597       403.0002      -7.688689    
   413.0001      -7.720274       423.0000      -7.751371       433.0001    
  -7.781991       443.0001      -7.812150       452.9999      -7.841861    
   463.0002      -7.871139       473.0001      -7.899993       482.9999    
  -7.928439       493.0001      -7.956487       503.0002      -7.984148    
   511.0001      -8.005928       521.0002      -8.032809       531.0001    
  -8.059314       541.0002      -8.085453       550.9999      -8.111232    
   561.0000      -8.136661       571.0001      -8.161747       581.0000    
  -8.186499       591.0002      -8.210921       600.9999      -8.235023    
   611.0004      -8.258813       621.0002      -8.282293       630.9999    
  -8.305473       641.0001      -8.328362       651.0004      -8.350960    
   661.0002      -8.373278       671.0002      -8.395319       681.0003    
  -8.417090       690.9999      -8.438599       701.0002      -8.459854    
   711.0000      -8.480863       721.0002      -8.501636       730.9999    
  -8.522177       741.0004      -8.542499       750.9999      -8.562600    
   761.0004      -8.582491       771.0001      -8.602167       781.0005    
  -8.621635       790.9999      -8.640892       801.0002      -8.659945    
   811.0001      -8.678791       820.9999      -8.697435       831.0004    
  -8.715881       841.0002      -8.734135       851.0004      -8.752204    
   860.9998      -8.770091       871.0001      -8.787807       881.0004    
  -8.805355       891.0001      -8.822740       901.0005      -8.839968    
   911.0001      -8.857042       911.9999      -8.737031       922.0001    
  -8.753900       932.0000      -8.770606       942.0002      -8.787154    
   952.0001      -8.803546       961.9999      -8.819784       972.0002    
  -8.835876       981.9999      -8.851823       992.0001      -8.867627    
   1002.000      -8.883294       1012.000      -8.898824       1022.000    
  -8.914223       1032.000      -8.929490       1042.000      -8.944631    
   1052.000      -8.959646       1062.000      -8.974537       1072.000    
  -8.989306       1082.000      -9.003955       1092.000      -9.018486    
   1102.000      -9.032899       1112.000      -9.047198       1122.000    
  -9.061383       1132.000      -9.075456       1142.000      -9.089418    
   1152.000      -9.103273       1162.000      -9.117020       1172.000    
  -9.130660       1182.000      -9.144197       1192.000      -9.157631    
   1202.000      -9.170963       1212.000      -9.184196       1222.001    
  -9.197329       1232.000      -9.210363       1242.000      -9.223303    
   1252.000      -9.236149       1262.000      -9.248899       1272.000    
  -9.261559       1282.000      -9.274128       1292.000      -9.286608    
   1302.000      -9.299000       1312.000      -9.311304       1322.000    
  -9.323523       1332.000      -9.335656       1342.000      -9.347706    
   1352.000      -9.359674       1362.000      -9.371562       1372.000    
  -9.383368       1382.000      -9.395098       1392.000      -9.406748    
   1402.000      -9.418321       1412.000      -9.429817       1422.000    
  -9.441239       1432.000      -9.452587       1442.000      -9.463862    
   1452.001      -9.475065       1462.000      -9.486196       1472.000    
  -9.497256       1482.001      -9.508247       1492.001      -9.519171    
   1502.000      -9.530025       1512.000      -9.540812       1522.000    
  -9.551534       1532.000      -9.562190       1542.000      -9.572782    
   1552.000      -9.583308       1562.001      -9.593773       1572.000    
  -9.604175       1582.000      -9.614515       1592.000      -9.624794    
   1602.000      -9.635013       1612.000      -9.645172       1622.000    
  -9.655272       1632.000      -9.665315       1642.000      -9.675300    
   1652.000      -9.685227       1662.000      -9.695099       1672.000    
  -9.704915       1682.000      -9.714675       1692.000      -9.724381    
   1702.000      -9.734034       1712.000      -9.743632       1722.000    
  -9.753179       1732.001      -9.762673       1742.000      -9.772115    
   1752.001      -9.781507       1762.000      -9.790848       1772.001    
  -9.800138       1782.001      -9.809381       1792.000      -9.818573    
   1802.001      -9.827717       1812.000      -9.836812       1822.000    
  -9.845860       1832.001      -9.854863       1842.001      -9.863818    
   1852.000      -9.872726       1862.000      -9.881590       1872.000    
  -9.890409       1882.001      -9.899182       1892.001      -9.907911    
   1902.000      -9.916596       1912.001      -9.925240       1922.000    
  -9.933837       1932.000      -9.942394       1942.000      -9.950909    
   1952.000      -9.959381       1962.000      -9.967813       1972.000    
  -9.976202       1982.000      -9.984552       1992.000      -9.992861    
   2002.000      -10.00113       2012.000      -10.00936       2022.001    
  -10.01755       2032.000      -10.02571       2042.000      -10.03382    
   2051.000      -10.03682       2061.000      -10.04490       2071.001    
  -10.05293       2081.001      -10.06093       2091.000      -10.06889    
   2101.001      -10.07682       2111.001      -10.08471       2121.001    
  -10.09256       2131.000      -10.10038       2141.000      -10.10816    
   2151.001      -10.11590       2161.001      -10.12361       2171.000    
  -10.13129       2181.000      -10.13893       2191.000      -10.14654    
   2201.000      -10.15412       2211.000      -10.16166       2221.000    
  -10.16917       2231.000      -10.17664       2241.000      -10.18409    
   2251.001      -10.19150       2261.001      -10.19888       2271.001    
  -10.20623       2281.001      -10.21354       2291.000      -10.22083    
   2301.001      -10.22809       2311.000      -10.23531       2321.000    
  -10.24251       2331.000      -10.24967       2341.001      -10.25681    
   2351.001      -10.26391       2361.000      -10.27099       2371.000    
  -10.27804       2381.001      -10.28506       2391.000      -10.29205    
   2401.001      -10.29901       2411.001      -10.30594       2421.000    
  -10.31285       2431.001      -10.31973       2441.001      -10.32658    
   2451.001      -10.33340       2461.000      -10.34020       2471.000    
  -10.34697       2481.000      -10.35372       2491.000      -10.36043    
   2501.001      -10.36713       2511.000      -10.37379       2521.000    
  -10.38043       2531.002      -10.38705       2541.000      -10.39364    
   2551.001      -10.40020       2561.000      -10.40674       2571.000    
  -10.41326       2581.000      -10.41975       2591.001      -10.42622    
   2601.000      -10.43266       2611.000      -10.43907       2621.000    
  -10.44547       2631.001      -10.45184       2641.000      -10.45819    
   2651.001      -10.46451       2661.001      -10.47081       2671.000    
  -10.47709       2681.001      -10.48335       2691.000      -10.48958    
   2701.000      -10.49579       2711.000      -10.50198       2721.000    
  -10.50815       2731.000      -10.51429       2741.000      -10.52041    
   2751.000      -10.52652       2761.001      -10.53260       2771.001    
  -10.53865       2781.000      -10.54469       2791.001      -10.55071    
   2801.000      -10.55670       2811.000      -10.56268       2821.001    
  -10.56863       2831.000      -10.57457       2841.001      -10.58048    
   2851.000      -10.58637       2861.000      -10.59225       2871.001    
  -10.59810       2881.001      -10.60394       2891.002      -10.60975    
   2901.000      -10.61554       2911.001      -10.62132       2921.002    
  -10.62708       2931.001      -10.63281       2941.001      -10.63853    
   2951.002      -10.64423       2961.000      -10.64991       2971.001    
  -10.65558       2981.001      -10.66122       2990.999      -10.66685    
   3000.999      -10.67245       3011.001      -10.67804       3021.000    
  -10.68361       3031.002      -10.68917       3040.999      -10.69470    
   3051.000      -10.70022       3061.001      -10.70572       3071.000    
  -10.71121       3081.001      -10.71667       3091.001      -10.72212    
   3101.002      -10.72756       3111.001      -10.73297       3121.001    
  -10.73837       3131.001      -10.74375       3141.002      -10.74912    
   3151.001      -10.75447       3161.000      -10.75980       3170.999    
  -10.76511       3181.000      -10.77041       3191.000      -10.77570    
   3201.000      -10.78096       3211.001      -10.78621       3220.999    
  -10.79145       3231.002      -10.79667       3241.002      -10.80188    
   3251.000      -10.80707       3261.001      -10.81224       3270.999    
  -10.81740       3281.000      -10.82254       3290.999      -10.82767    
   3301.002      -10.83278       3311.000      -10.83788       3321.001    
  -10.84296       3331.000      -10.84803       3341.000      -10.85308    
   3351.000      -10.85812       3361.002      -10.86314       3371.001    
  -10.86815       3381.001      -10.87315       3391.002      -10.87813    
   3401.000      -10.88310       3411.000      -10.88805       3421.003    
  -10.89299       3431.000      -10.89791       3441.001      -10.90282    
   3451.000      -10.90772       3461.001      -10.91261       3471.000    
  -10.91747       3481.001      -10.92233       3491.000      -10.92717    
   3501.000      -10.93200       3511.000      -10.93682       3520.999    
  -10.94162       3531.001      -10.94641       3541.002      -10.95119    
   3551.002      -10.95595       3560.999      -10.96070       3571.001    
  -10.96544       3581.001      -10.97016       3591.000      -10.97487    
   3601.000      -10.97957       3611.001      -10.98426       3621.000    
  -10.98893       3631.001      -10.99359       3641.002      -10.99824    
   3646.002      -10.99423       3656.002      -10.99886       3666.003    
  -11.00349       3676.000      -11.00810       3686.001      -11.01269    
   3696.003      -11.01728       3706.001      -11.02185       3715.998    
  -11.02641       3726.000      -11.03096       3736.001      -11.03550    
   3746.001      -11.04002       3756.000      -11.04453       3766.000    
  -11.04903       3776.001      -11.05352       3786.000      -11.05800    
   3796.000      -11.06246       3806.001      -11.06692       3815.999    
  -11.07136       3826.003      -11.07579       3836.001      -11.08021    
   3846.003      -11.08462       3855.998      -11.08902       3866.000    
  -11.09340       3876.001      -11.09778       3886.002      -11.10214    
   3896.001      -11.10649       3906.002      -11.11083       3916.001    
  -11.11516       3926.000      -11.11948       3936.002      -11.12379    
   3946.000      -11.12809       3956.001      -11.13237       3966.000    
  -11.13665       3976.001      -11.14092       3986.000      -11.14517    
   3996.000      -11.14942       4006.000      -11.15365       4015.999    
  -11.15787       4026.001      -11.16209       4035.999      -11.16629    
   4046.000      -11.17048       4056.003      -11.17467       4066.002    
  -11.17884       4075.999      -11.18300       4086.002      -11.18715    
   4096.005      -11.19130       4106.001      -11.19543       4116.003    
  -11.19955       4126.005      -11.20366       4136.004      -11.20777    
   4146.002      -11.21186       4156.001      -11.21594       4166.002    
  -11.22002       4176.002      -11.22408       4186.002      -11.22813    
   4196.004      -11.23218       4206.004      -11.23621       4216.002    
  -11.24024       4226.001      -11.24426       4236.005      -11.24827    
   4246.002      -11.25226       4256.005      -11.25625       4266.005    
  -11.26023       4276.005      -11.26420       4286.002      -11.26816    
   4296.005      -11.27211       4306.004      -11.27606       4316.003    
  -11.27999       4326.004      -11.28392       4336.004      -11.28783    
   4346.002      -11.29174       4356.000      -11.29564       4366.003    
  -11.29953       4376.004      -11.30341       4386.002      -11.30728    
   4396.001      -11.31114       4406.004      -11.31500       4416.002    
  -11.31885       4426.004      -11.32269       4436.002      -11.32651    
   4446.003      -11.33033       4456.001      -11.33415       4466.003    
  -11.33795       4476.003      -11.34175       4486.002      -11.34553    
   4496.002      -11.34931       4506.005      -11.35308       4516.002    
  -11.35685       4526.002      -11.36060       4536.004      -11.36435    
   4546.003      -11.36809       4556.004      -11.37182       4566.005    
  -11.37554       4576.005      -11.37925       4586.004      -11.38296    
   4596.004      -11.38666       4606.004      -11.39035       4616.003    
  -11.39403       4626.003      -11.39770       4636.002      -11.40137    
   4646.005      -11.40503       4656.004      -11.40868       4666.003    
  -11.41233       4676.004      -11.41596       4686.003      -11.41959    
   4696.003      -11.42321       4706.006      -11.42683       4716.002    
  -11.43043       4726.006      -11.43403       4736.002      -11.43762    
   4746.005      -11.44120       4756.005      -11.44478       4766.002    
  -11.44835       4776.005      -11.45191       4786.002      -11.45546    
   4796.004      -11.45901       4806.004      -11.46255       4816.001    
  -11.46608       4826.002      -11.46961       4836.004      -11.47313    
   4846.004      -11.47664       4856.007      -11.48014       4866.006    
  -11.48364       4876.002      -11.48713       4886.005      -11.49061    
   4896.006      -11.49409       4906.004      -11.49755       4916.001    
  -11.50102       4926.002      -11.50447       4936.005      -11.50792    
   4946.006      -11.51136       4956.005      -11.51480       4966.003    
  -11.51822       4976.005      -11.52165       4986.005      -11.52506    
   4996.006      -11.52847       5006.002      -11.53187       5016.004    
  -11.53526       5026.002      -11.53865       5036.006      -11.54203    
   5046.004      -11.54541       5056.006      -11.54877       5066.005    
  -11.55214       5076.002      -11.55549       5086.002      -11.55884    
   5096.005      -11.56218       5106.002      -11.56552       5116.005    
  -11.56885       5126.005      -11.57217       5136.002      -11.57549    
   5146.004      -11.57880       5156.006      -11.58210       5166.002    
  -11.58540       5176.003      -11.58869       5186.003      -11.59198    
   5196.003      -11.59525       5206.005      -11.59853       5216.003    
  -11.60180       5226.006      -11.60506       5236.003      -11.60831    
   5246.004      -11.61156       5256.004      -11.61480       5266.006    
  -11.61804       5276.003      -11.62127       5286.005      -11.62449    
   5296.006      -11.62771       5306.005      -11.63093       5316.003    
  -11.63413       5326.005      -11.63733       5336.005      -11.64053    
   5346.003      -11.64372       5356.000      -11.64690       5366.001    
  -11.65008       5376.005      -11.65325       5386.002      -11.65642    
   5396.002      -11.65958       5406.003      -11.66273       5416.005    
  -11.66588       5426.004      -11.66902       5436.004      -11.67216    
   5446.005      -11.67529       5456.006      -11.67842       5466.007    
  -11.68154       5476.002      -11.68466       5486.001      -11.68777    
   5496.003      -11.69087       5506.002      -11.69397       5516.004    
  -11.69706       5526.003      -11.70015       5536.005      -11.70323    
   5546.001      -11.70631       5556.002      -11.70938       5566.003    
  -11.71245       5576.004      -11.71551       5586.005      -11.71856    
   5596.001      -11.72161       5606.007      -11.72466       5616.003    
  -11.72770       5626.004      -11.73073       5636.004      -11.73376    
   5646.004      -11.73678       5656.002      -11.73980       5666.006    
  -11.74282       5676.006      -11.74583       5686.002      -11.74883    
   5701.005      -11.75271       5711.007      -11.75570       5721.004    
  -11.75868       5731.004      -11.76166       5741.001      -11.76463    
   5751.001      -11.76760       5761.005      -11.77056       5771.008    
  -11.77352       5781.006      -11.77647       5791.002      -11.77942    
   5801.003      -11.78236       5811.001      -11.78530       5821.001    
  -11.78823       5831.003      -11.79116       5841.005      -11.79408    
   5851.005      -11.79700       5861.003      -11.79991       5871.006    
  -11.80282       5881.003      -11.80572       5891.007      -11.80862    
   5901.005      -11.81152       5911.008      -11.81441       5921.004    
  -11.81729       5931.001      -11.82017       5941.006      -11.82304    
   5951.001      -11.82591       5961.006      -11.82877       5971.005    
  -11.83163       5981.002      -11.83449       5991.005      -11.83734    
   6001.005      -11.84019       6011.005      -11.84303       6021.006    
  -11.84586       6031.006      -11.84869       6041.007      -11.85152    
   6051.004      -11.85434       6061.008      -11.85716       6071.001    
  -11.85997       6081.005      -11.86278       6091.005      -11.86559    
   6101.004      -11.86838       6111.004      -11.87118       6121.006    
  -11.87397       6131.001      -11.87675       6141.002      -11.87954    
   6151.002      -11.88231       6161.006      -11.88509       6171.002    
  -11.88785       6181.004      -11.89062       6191.001      -11.89338    
   6201.005      -11.89613       6211.001      -11.89888       6221.003    
  -11.90163       6231.001      -11.90437       6241.004      -11.90711    
   6251.006      -11.90984       6261.007      -11.91257       6271.004    
  -11.91529       6281.006      -11.91801       6291.003      -11.92073    
   6301.005      -11.92344       6311.003      -11.92615       6321.007    
  -11.92885       6331.005      -11.93155       6341.005      -11.93425    
   6351.000      -11.93693       6361.004      -11.93962       6371.003    
  -11.94230       6381.007      -11.94498       6391.005      -11.94766    
   6401.002      -11.95033       6411.003      -11.95299       6421.003    
  -11.95565       6431.004      -11.95831       6441.003      -11.96096    
   6451.004      -11.96361       6461.002      -11.96626       6471.005    
  -11.96890       6481.002      -11.97153       6491.004      -11.97417    
   6501.004      -11.97680       6511.004      -11.97942       6521.006    
  -11.98204       6531.005      -11.98466       6541.005      -11.98727    
   6551.006      -11.98988       6561.001      -11.99249       6571.004    
  -11.99509       6581.004      -11.99769       6591.004      -12.00028    
   6601.006      -12.00287       6611.004      -12.00546       6621.003    
  -12.00804       6631.003      -12.01062       6641.007      -12.01319    
   6651.003      -12.01576       6661.004      -12.01833       6671.006    
  -12.02089       6681.000      -12.02345       6691.006      -12.02601    
   6701.005      -12.02856       6711.003      -12.03110       6721.006    
  -12.03365       6731.005      -12.03619       6741.001      -12.03872    
   6751.007      -12.04126       6761.007      -12.04379       6771.010    
  -12.04631       6781.005      -12.04883       6791.004      -12.05135    
   6801.002      -12.05387       6811.005      -12.05638       6821.003    
  -12.05888       6831.001      -12.06139       6841.002      -12.06389    
   6851.007      -12.06638       6861.003      -12.06888       6871.007    
  -12.07137       6881.006      -12.07385       6891.001      -12.07633    
   6901.007      -12.07881       6911.005      -12.08129       6921.001    
  -12.08376       6931.001      -12.08623       6941.004      -12.08869    
   6951.006      -12.09115       6961.004      -12.09361       6971.000    
  -12.09606       6981.007      -12.09851       6991.009      -12.10096    
   7001.003      -12.10340       7011.003      -12.10584       7021.009    
  -12.10828       7031.003      -12.11071       7041.003      -12.11314    
   7051.006      -12.11557       7061.008      -12.11799       7071.008    
  -12.12041       7081.003      -12.12283       7091.004      -12.12524    
   7101.004      -12.12765       7111.007      -12.13005       7121.003    
  -12.13246       7131.007      -12.13486       7141.004      -12.13725    
   7151.004      -12.13964       7161.006      -12.14203       7171.006    
  -12.14442       7181.004      -12.14680       7191.001      -12.14918    
   7201.007      -12.15156       7211.008      -12.15393       7221.007    
  -12.15630       7231.007      -12.15867       7241.006      -12.16103    
   7251.002      -12.16339       7261.005      -12.16575       7271.001    
  -12.16810       7281.007      -12.17045       7291.006      -12.17280    
   7301.008      -12.17514       7311.003      -12.17748       7321.003    
  -12.17982       7331.006      -12.18216       7341.006      -12.18449    
   7351.003      -12.18682       7361.006      -12.18914       7371.002    
  -12.19146       7381.004      -12.19378       7391.007      -12.19610    
   7401.007      -12.19841       7411.001      -12.20072       7421.004    
  -12.20303       7431.004      -12.20533       7441.001      -12.20763    
   7451.008      -12.20993       7461.003      -12.21222       7471.008    
  -12.21452       7481.006      -12.21680       7491.005      -12.21909    
   7501.009      -12.22137       7511.010      -12.22365       7521.007    
  -12.22593       7531.006      -12.22820       7541.009      -12.23047    
   7551.005      -12.23274       7561.006      -12.23500       7571.008    
  -12.23726       7581.007      -12.23952       7591.006      -12.24178    
   7601.001      -12.24403       7611.006      -12.24628       7621.007    
  -12.24853       7631.004      -12.25077       7641.007      -12.25301    
   7651.009      -12.25525       7661.004      -12.25749       7671.007    
  -12.25972       7681.007      -12.26195       7691.003      -12.26417    
   7701.008      -12.26640       7711.009      -12.26862       7721.001    
  -12.27084       7731.007      -12.27305       7741.004      -12.27526    
   7751.005      -12.27747       7761.007      -12.27968       7771.005    
  -12.28188       7781.002      -12.28408       7791.004      -12.28628    
   7801.002      -12.28848       7811.000      -12.29067       7821.006    
  -12.29286       7831.008      -12.29505       7841.005      -12.29723    
   7851.011      -12.29942       7861.004      -12.30159       7871.005    
  -12.30377       7881.006      -12.30594       7891.002      -12.30811    
   7901.002      -12.31028       7911.006      -12.31245       7921.002    
  -12.31461       7931.005      -12.31677       7941.008      -12.31893    
   7951.006      -12.32108       7961.004      -12.32323       7971.001    
  -12.32538       7981.006      -12.32753       7991.006      -12.32967    
   8001.010      -12.33182       8011.005      -12.33395       8021.003    
  -12.33609       8031.009      -12.33822       8041.011      -12.34035    
   8051.006      -12.34248       8061.010      -12.34461       8071.000    
  -12.34673       8081.006      -12.34885       8091.008      -12.35097    
   8101.008      -12.35308       8111.002      -12.35520       8121.001    
  -12.35731       8131.007      -12.35941       8141.007      -12.36152    
   8151.007      -12.36362       8161.009      -12.36572       8171.011    
  -12.36782       8181.007      -12.36991       8191.006      -12.37200    
   8201.004      -12.37409    
