  MIHALAS PLANE-PARALLEL NON-LTE   MODEL
      TEMPERATURE =  50000.0   LOG G =   4.0000
    45
   113.9000      -6.153923       133.1800      -4.622554       160.3100    
  -3.170797       160.3200      -2.778452       188.1900      -1.792869    
   227.8100     -0.5016209       227.8200       2.525941       258.4400    
   2.666805       258.4500       2.744371       314.7400       2.786821    
   402.4100       2.776587       402.4200       2.776566       447.5000    
   2.752738       503.9700       2.713515       503.9800       2.713098    
   577.7400       2.652860       676.8200       2.565778       740.3000    
   2.509509       816.9200       2.441966       861.5000       2.403414    
   911.2200       2.360678       911.2300       2.502268       971.9800    
   2.437010       1025.130       2.349167       1214.960       2.191601    
   1525.760       1.911352       2050.270       1.509902       2050.280    
   1.514698       2624.300       1.153098       3644.700      0.6422009    
   3644.800      0.6733771       4165.600      0.4629693       4859.800    
  0.2162878       5695.100     -4.1078199E-02   5695.200     -4.0293496E-02
   6560.800     -0.2727892       8200.800     -0.6437880       8200.900    
 -0.6381986       10498.00      -1.052289       14579.00      -1.607931    
   14580.00      -1.606791       18744.00      -2.034200       22779.00    
  -2.366745       22780.00      -2.366783       45208.00      -3.539306    
