  MIHALAS PLANE-PARALLEL NON-LTE   MODEL
      TEMPERATURE =  25000.0   LOG G =   3.0000
    45
   113.9000      -26.62352       133.1800      -26.75935       160.3100    
  -26.92040       160.3200      -26.92045       188.1900      -27.05967    
   227.8100      -9.457622       258.4400      -7.843596       258.4500    
  -7.531229       314.7400      -5.721980       402.4000      -4.020592    
   402.4100      -3.785413       447.5000      -3.214061       503.9700    
  -2.637285       503.9800     -0.5789022       577.7400     -0.3171403    
   676.8200      2.2178130E-02   740.3000      0.2015091       816.9200    
  0.3771654       861.5000      0.4610139       911.2200      0.5406780    
   911.2300       2.019469       1118.320       1.887592       1447.240    
   1.666843       1696.760       1.504284       2050.270       1.289102    
   2050.280       1.290298       2624.300      0.9802976       3644.700    
  0.5350010       3644.800      0.6313770       4339.100      0.3763252    
   4859.800      0.2054878       5695.100     -3.8678210E-02   5695.200    
 -3.8693488E-02   6560.800     -0.2607891       8200.800     -0.6177880    
   8200.900     -0.5957986       10001.00     -0.9197624       12814.00    
  -1.329445       14579.00      -1.545131       14580.00      -1.538391    
   18744.00      -1.961400       22779.00      -2.291545       22780.00    
  -2.289183       40502.00      -3.270629       3030303.      -10.67065    
