  MIHALAS PLANE-PARALLEL NON-LTE   MODEL
      TEMPERATURE =  55000.0   LOG G =   9.0000
    43
   113.9000      -4.996563       133.1800      -3.594514       160.3100    
  -2.319757       188.1900      -1.498309       227.8100     -0.7847012    
   227.8200       2.971581       258.4400       2.997685       314.7400    
   2.995221       402.4100       2.925787       447.5000       2.877018    
   503.9700       2.812035       503.9800       2.811938       577.7400    
   2.725340       676.8200       2.612978       740.3000       2.544149    
   816.9200       2.464165       861.5000       2.419014       911.2200    
   2.369798       911.2300       2.614908       971.9800       2.541450    
   1025.130       2.478927       1214.960       2.268601       1525.760    
   1.964072       2050.270       1.538782       2050.280       1.551658    
   2624.300       1.176658       3644.700      0.6564810       3644.800    
  0.6853370       4165.600      0.4702094       4859.800      0.2191278    
   5695.100     -4.1838218E-02   5695.200     -4.0013481E-02   6560.800    
 -0.2745892       8200.800     -0.6475080       8200.900     -0.6423585    
   10498.00      -1.058009       14579.00      -1.613891       14580.00    
  -1.613231       18744.00      -2.040440       22779.00      -2.372665    
   22780.00      -2.372583       45208.00      -3.542106       3030303.    
  -10.75713    
