  MIHALAS PLANE-PARALLEL NON-LTE   MODEL
      TEMPERATURE =  40000.0   LOG G =   4.5000
    45
   113.9000      -8.751924       133.1800      -6.914554       160.3100    
  -5.156397       160.3200      -5.110053       188.1900      -3.894469    
   227.8100      -2.734821       227.8200      -2.042059       258.4400    
  -1.332395       258.4500       2.036371       314.7400       2.020021    
   402.4100       2.023787       402.4200       2.025365       447.5000    
   2.061538       503.9700       2.121915       503.9800       2.163498    
   577.7400       2.131660       676.8200       2.092978       740.3000    
   2.067909       816.9200       2.035566       861.5000       2.015414    
   911.2200       1.991878       911.2300       2.503869       971.9800    
   2.435810       1025.130       2.377967       1214.960       2.180801    
   1525.760       1.892152       2050.270       1.486302       2050.280    
   1.500698       2624.300       1.136698       3644.700      0.6306009    
   3644.800      0.6769770       4165.600      0.4645693       4859.800    
  0.2166878       5695.100     -4.1078199E-02   5695.200     -4.0293496E-02
   6560.800     -0.2727892       8200.800     -0.6425880       8200.900    
 -0.6349986       10498.00      -1.049089       14579.00      -1.603131    
   14580.00      -1.601591       18744.00      -2.028200       22779.00    
  -2.359945       22780.00      -2.359583       45208.00      -3.531306    
