 mihalis model (october '85) 17500 k log g 4.0                                  
 Written in SPECTRUM 2 format                                                  
        38
  2.27806E+02 -1.36263E+01     2.58442E+02 -1.32331E+01     3.14744E+02 -1.05351E+01
  4.02406E+02 -7.96453E+00     4.47497E+02 -7.07398E+00     5.03971E+02 -6.21081E+00
  5.03971E+02 -5.16361E+00     5.77744E+02 -4.18827E+00     6.76823E+02 -3.28455E+00
  7.40302E+02 -2.86882E+00     8.16920E+02 -2.48316E+00     8.61497E+02 -2.30371E+00
  9.11228E+02 -2.13405E+00     9.11228E+02  1.63435E+00     1.11832E+03  1.48767E+00
  1.44724E+03  1.27372E+00     1.69676E+03  1.12876E+00     2.05027E+03  9.47177E-01
  2.05027E+03  9.47177E-01     2.62433E+03  7.00364E-01     3.64485E+03  3.54242E-01
  3.64485E+03  6.09842E-01     4.33915E+03  3.66791E-01     4.85979E+03  2.04764E-01
  5.69508E+03 -2.58003E-02     5.69508E+03 -2.58003E-02     6.56082E+03 -2.35516E-01
  8.20075E+03 -5.72508E-01     8.20075E+03 -5.28108E-01     1.00010E+04 -8.42087E-01
  1.28139E+04 -1.23977E+00     1.45794E+04 -1.44868E+00     1.45794E+04 -1.43708E+00
  1.87441E+04 -1.85093E+00     2.27790E+04 -2.17507E+00     2.27790E+04 -2.17107E+00
  4.05022E+04 -3.13936E+00     3.03030E+06 -1.05354E+01
