  MIHALAS PLANE-PARALLEL NON-LTE   MODEL
      TEMPERATURE =  20000.0   LOG G =   2.5000
    45
   113.9000      -26.62352       133.1800      -26.75935       160.3100    
  -26.92040       160.3200      -26.92045       188.1900      -27.05967    
   227.8100      -13.43082       258.4400      -11.65600       258.4500    
  -11.64963       314.7400      -9.333980       402.4000      -7.094593    
   402.4100      -7.010614       447.5000      -6.240863       503.9700    
  -5.494884       503.9800      -3.958103       577.7400      -3.186740    
   676.8200      -2.482222       740.3000      -2.165291       816.9200    
  -1.878035       861.5000      -1.747387       911.2200      -1.625722    
   911.2300       1.671468       1118.320       1.589992       1447.240    
   1.431243       1696.760       1.304284       2050.270       1.127502    
   2050.280       1.127498       2624.300      0.8234975       3644.700    
  0.4722010       3644.800      0.5917771       4339.100      0.3551252    
   4859.800      0.1950878       5695.100     -3.6678221E-02   5695.200    
 -3.6693495E-02   6560.800     -0.2491891       8200.800     -0.5941880    
   8200.900     -0.5649986       10001.00     -0.8797624       12814.00    
  -1.281045       14579.00      -1.493131       14580.00      -1.483591    
   18744.00      -1.901000       22779.00      -2.227945       22780.00    
  -2.224783       40502.00      -3.200629       3030303.      -10.58865    
