 mihalis model (october '85) 22500 k log g 4.0                                  
 Written in SPECTRUM 2 format                                                  
        38
  2.27806E+02 -9.45473E+00     2.58442E+02 -9.95993E+00     3.14744E+02 -7.80391E+00
  4.02406E+02 -5.79173E+00     4.47497E+02 -5.10718E+00     5.03971E+02 -4.45121E+00
  5.03971E+02 -3.13121E+00     5.77744E+02 -2.44467E+00     6.76823E+02 -1.80255E+00
  7.40302E+02 -1.50522E+00     8.16920E+02 -1.22836E+00     8.61497E+02 -1.09971E+00
  9.11228E+02 -9.78854E-01     9.11228E+02  2.03475E+00     1.11832E+03  1.84167E+00
  1.44724E+03  1.57292E+00     1.69676E+03  1.39636E+00     2.05027E+03  1.17878E+00
  2.05027E+03  1.17878E+00     2.62433E+03  8.83564E-01     3.64485E+03  4.72242E-01
  3.64485E+03  6.41042E-01     4.33915E+03  3.83591E-01     4.85979E+03  2.13564E-01
  5.69508E+03 -2.78004E-02     5.69508E+03 -2.78004E-02     6.56082E+03 -2.46316E-01
  8.20075E+03 -5.95708E-01     8.20075E+03 -5.65708E-01     1.00010E+04 -8.86487E-01
  1.28139E+04 -1.29177E+00     1.45794E+04 -1.50428E+00     1.45794E+04 -1.49628E+00
  1.87441E+04 -1.91533E+00     2.27790E+04 -2.24267E+00     2.27790E+04 -2.23987E+00
  4.05022E+04 -3.21536E+00     3.03030E+06 -1.06154E+01
