 C	NON-LTE SURFACE FLUXES FROM AUER-MIHALAS MODELS                              
   TEFF= 50000   LOG G= 5.5   Y=10%   NLTE LINES MODEL (CF. KUDRITZKI'S)        
 811
   117.0000      -17.64547       127.0000      -16.81767       137.0000    
  -16.13548       147.0000      -15.56781       157.0000      -15.09137    
   167.0000      -14.68840       177.0001      -14.34514       187.0001    
  -14.05082       197.0000      -13.79686       207.0000      -13.57640    
   217.0001      -13.38389       227.0000      -13.21480       233.0000    
  -9.319122       243.0000      -9.325537       253.0000      -9.334229    
   263.0000      -9.344689       273.0000      -9.356496       283.0001    
  -9.369303       293.0000      -9.382821       303.0000      -9.396813    
   313.0001      -9.411078       323.0000      -9.425454       333.0000    
  -9.439797       342.9999      -9.453990       353.0001      -9.467934    
   363.0001      -9.481547       373.0001      -9.494763       383.0002    
  -9.507526       393.0002      -9.519790       403.0002      -9.531520    
   413.0001      -9.542698       423.0000      -9.553361       433.0001    
  -9.563547       443.0001      -9.573295       452.9999      -9.582637    
   463.0002      -9.591604       473.0001      -9.600224       482.9999    
  -9.608521       493.0001      -9.616521       503.0002      -9.624243    
   511.0001      -9.626657       521.0002      -9.637688       531.0001    
  -9.648512       541.0002      -9.659146       550.9999      -9.669603    
   561.0000      -9.679895       571.0001      -9.690035       581.0000    
  -9.700031       591.0002      -9.709896       600.9999      -9.719635    
   611.0004      -9.729260       621.0002      -9.738777       630.9999    
  -9.748193       641.0001      -9.757515       651.0004      -9.766749    
   661.0002      -9.775901       671.0002      -9.784977       681.0003    
  -9.793981       690.9999      -9.802917       701.0002      -9.811795    
   711.0000      -9.820620       721.0002      -9.829397       730.9999    
  -9.838132       741.0004      -9.846829       750.9999      -9.855494    
   761.0004      -9.864125       771.0001      -9.872726       781.0005    
  -9.881297       790.9999      -9.889838       801.0002      -9.898351    
   811.0001      -9.906835       820.9999      -9.915290       831.0004    
  -9.923722       841.0002      -9.932133       851.0004      -9.940528    
   860.9998      -9.948910       871.0001      -9.957284       881.0004    
  -9.965654       891.0001      -9.974021       901.0005      -9.982390    
   911.0001      -9.990764       911.9999      -9.537746       922.0001    
  -9.551312       932.0000      -9.564782       942.0002      -9.578155    
   952.0001      -9.591434       961.9999      -9.604619       972.0002    
  -9.617715       981.9999      -9.630721       992.0001      -9.643641    
   1002.000      -9.656474       1012.000      -9.669224       1022.000    
  -9.681890       1032.000      -9.694476       1042.000      -9.706981    
   1052.000      -9.719406       1062.000      -9.731752       1072.000    
  -9.744020       1082.000      -9.756208       1092.000      -9.768321    
   1102.000      -9.780355       1112.000      -9.792315       1122.000    
  -9.804199       1132.000      -9.816008       1142.000      -9.827742    
   1152.000      -9.839403       1162.000      -9.850991       1172.000    
  -9.862505       1182.000      -9.873950       1192.000      -9.885323    
   1202.000      -9.896625       1212.000      -9.907856       1222.001    
  -9.919019       1232.000      -9.930112       1242.000      -9.941139    
   1252.000      -9.952098       1262.000      -9.962990       1272.000    
  -9.973817       1282.000      -9.984578       1292.000      -9.995275    
   1302.000      -10.00591       1312.000      -10.01648       1322.000    
  -10.02699       1332.000      -10.03744       1342.000      -10.04782    
   1352.000      -10.05815       1362.000      -10.06842       1372.000    
  -10.07862       1382.000      -10.08877       1392.000      -10.09886    
   1402.000      -10.10890       1412.000      -10.11887       1422.000    
  -10.12880       1432.000      -10.13866       1442.000      -10.14847    
   1452.001      -10.15823       1462.000      -10.16793       1472.000    
  -10.17758       1482.001      -10.18718       1492.001      -10.19672    
   1502.000      -10.20622       1512.000      -10.21566       1522.000    
  -10.22505       1532.000      -10.23439       1542.000      -10.24368    
   1552.000      -10.25292       1562.001      -10.26212       1572.000    
  -10.27126       1582.000      -10.28036       1592.000      -10.28941    
   1602.000      -10.29841       1612.000      -10.30737       1622.000    
  -10.31628       1632.000      -10.32514       1642.000      -10.33396    
   1652.000      -10.34274       1662.000      -10.35147       1672.000    
  -10.36015       1682.000      -10.36880       1692.000      -10.37740    
   1702.000      -10.38595       1712.000      -10.39447       1722.000    
  -10.40294       1732.001      -10.41138       1742.000      -10.41976    
   1752.001      -10.42811       1762.000      -10.43642       1772.001    
  -10.44469       1782.001      -10.45292       1792.000      -10.46111    
   1802.001      -10.46926       1812.000      -10.47737       1822.000    
  -10.48545       1832.001      -10.49348       1842.001      -10.50148    
   1852.000      -10.50944       1862.000      -10.51736       1872.000    
  -10.52525       1882.001      -10.53310       1892.001      -10.54091    
   1902.000      -10.54869       1912.001      -10.55643       1922.000    
  -10.56414       1932.000      -10.57181       1942.000      -10.57945    
   1952.000      -10.58706       1962.000      -10.59462       1972.000    
  -10.60216       1982.000      -10.60966       1992.000      -10.61713    
   2002.000      -10.62457       2012.000      -10.63197       2022.001    
  -10.63934       2032.000      -10.64668       2042.000      -10.65398    
   2051.000      -10.64261       2061.000      -10.64998       2071.001    
  -10.65731       2081.001      -10.66462       2091.000      -10.67189    
   2101.001      -10.67913       2111.001      -10.68634       2121.001    
  -10.69352       2131.000      -10.70067       2141.000      -10.70779    
   2151.001      -10.71488       2161.001      -10.72194       2171.000    
  -10.72897       2181.000      -10.73597       2191.000      -10.74294    
   2201.000      -10.74988       2211.000      -10.75680       2221.000    
  -10.76369       2231.000      -10.77054       2241.000      -10.77737    
   2251.001      -10.78418       2261.001      -10.79095       2271.001    
  -10.79770       2281.001      -10.80442       2291.000      -10.81112    
   2301.001      -10.81779       2311.000      -10.82443       2321.000    
  -10.83105       2331.000      -10.83764       2341.001      -10.84420    
   2351.001      -10.85074       2361.000      -10.85725       2371.000    
  -10.86375       2381.001      -10.87021       2391.000      -10.87665    
   2401.001      -10.88307       2411.001      -10.88946       2421.000    
  -10.89583       2431.001      -10.90217       2441.001      -10.90849    
   2451.001      -10.91479       2461.000      -10.92107       2471.000    
  -10.92732       2481.000      -10.93354       2491.000      -10.93975    
   2501.001      -10.94593       2511.000      -10.95209       2521.000    
  -10.95823       2531.002      -10.96435       2541.000      -10.97044    
   2551.001      -10.97652       2561.000      -10.98257       2571.000    
  -10.98860       2581.000      -10.99461       2591.001      -11.00060    
   2601.000      -11.00656       2611.000      -11.01251       2621.000    
  -11.01843       2631.001      -11.02434       2641.000      -11.03022    
   2651.001      -11.03609       2661.001      -11.04193       2671.000    
  -11.04776       2681.001      -11.05357       2691.000      -11.05935    
   2701.000      -11.06511       2711.000      -11.07086       2721.000    
  -11.07659       2731.000      -11.08230       2741.000      -11.08799    
   2751.000      -11.09366       2761.001      -11.09931       2771.001    
  -11.10495       2781.000      -11.11056       2791.001      -11.11616    
   2801.000      -11.12174       2811.000      -11.12730       2821.001    
  -11.13284       2831.000      -11.13836       2841.001      -11.14387    
   2851.000      -11.14936       2861.000      -11.15484       2871.001    
  -11.16029       2881.001      -11.16573       2891.002      -11.17115    
   2901.000      -11.17655       2911.001      -11.18194       2921.002    
  -11.18731       2931.001      -11.19267       2941.001      -11.19800    
   2951.002      -11.20332       2961.000      -11.20863       2971.001    
  -11.21391       2981.001      -11.21919       2990.999      -11.22444    
   3000.999      -11.22968       3011.001      -11.23491       3021.000    
  -11.24012       3031.002      -11.24531       3040.999      -11.25048    
   3051.000      -11.25565       3061.001      -11.26079       3071.000    
  -11.26593       3081.001      -11.27104       3091.001      -11.27614    
   3101.002      -11.28123       3111.001      -11.28630       3121.001    
  -11.29136       3131.001      -11.29640       3141.002      -11.30143    
   3151.001      -11.30644       3161.000      -11.31144       3170.999    
  -11.31642       3181.000      -11.32139       3191.000      -11.32635    
   3201.000      -11.33129       3211.001      -11.33622       3220.999    
  -11.34113       3231.002      -11.34603       3241.002      -11.35092    
   3251.000      -11.35579       3261.001      -11.36065       3270.999    
  -11.36549       3281.000      -11.37033       3290.999      -11.37514    
   3301.002      -11.37995       3311.000      -11.38474       3321.001    
  -11.38952       3331.000      -11.39429       3341.000      -11.39904    
   3351.000      -11.40378       3361.002      -11.40851       3371.001    
  -11.41322       3381.001      -11.41792       3391.002      -11.42261    
   3401.000      -11.42729       3411.000      -11.43195       3421.003    
  -11.43661       3431.000      -11.44124       3441.001      -11.44587    
   3451.000      -11.45049       3461.001      -11.45509       3471.000    
  -11.45968       3481.001      -11.46426       3491.000      -11.46883    
   3501.000      -11.47338       3511.000      -11.47792       3520.999    
  -11.48246       3531.001      -11.48698       3541.002      -11.49148    
   3551.002      -11.49598       3560.999      -11.50047       3571.001    
  -11.50494       3581.001      -11.50940       3591.000      -11.51385    
   3601.000      -11.51829       3611.001      -11.52272       3621.000    
  -11.52714       3631.001      -11.53155       3641.002      -11.53594    
   3646.002      -11.50684       3656.002      -11.51127       3666.003    
  -11.51569       3676.000      -11.52010       3686.001      -11.52450    
   3696.003      -11.52889       3706.001      -11.53327       3715.998    
  -11.53763       3726.000      -11.54198       3736.001      -11.54632    
   3746.001      -11.55066       3756.000      -11.55498       3766.000    
  -11.55928       3776.001      -11.56358       3786.000      -11.56787    
   3796.000      -11.57215       3806.001      -11.57641       3815.999    
  -11.58067       3826.003      -11.58491       3836.001      -11.58915    
   3846.003      -11.59337       3855.998      -11.59758       3866.000    
  -11.60179       3876.001      -11.60598       3886.002      -11.61016    
   3896.001      -11.61434       3906.002      -11.61850       3916.001    
  -11.62265       3926.000      -11.62679       3936.002      -11.63092    
   3946.000      -11.63504       3956.001      -11.63916       3966.000    
  -11.64326       3976.001      -11.64735       3986.000      -11.65143    
   3996.000      -11.65551       4006.000      -11.65957       4015.999    
  -11.66362       4026.001      -11.66767       4035.999      -11.67170    
   4046.000      -11.67572       4056.003      -11.67974       4066.002    
  -11.68375       4075.999      -11.68774       4086.002      -11.69173    
   4096.005      -11.69571       4106.001      -11.69967       4116.003    
  -11.70363       4126.005      -11.70759       4136.004      -11.71153    
   4146.002      -11.71546       4156.001      -11.71938       4166.002    
  -11.72330       4176.002      -11.72720       4186.002      -11.73110    
   4196.004      -11.73498       4206.004      -11.73886       4216.002    
  -11.74273       4226.001      -11.74659       4236.005      -11.75045    
   4246.002      -11.75429       4256.005      -11.75812       4266.005    
  -11.76195       4276.005      -11.76577       4286.002      -11.76958    
   4296.005      -11.77338       4306.004      -11.77717       4316.003    
  -11.78096       4326.004      -11.78473       4336.004      -11.78850    
   4346.002      -11.79226       4356.000      -11.79601       4366.003    
  -11.79975       4376.004      -11.80349       4386.002      -11.80721    
   4396.001      -11.81093       4406.004      -11.81465       4416.002    
  -11.81835       4426.004      -11.82204       4436.002      -11.82573    
   4446.003      -11.82941       4456.001      -11.83308       4466.003    
  -11.83674       4476.003      -11.84040       4486.002      -11.84404    
   4496.002      -11.84768       4506.005      -11.85132       4516.002    
  -11.85494       4526.002      -11.85856       4536.004      -11.86217    
   4546.003      -11.86577       4556.004      -11.86936       4566.005    
  -11.87295       4576.005      -11.87653       4586.004      -11.88010    
   4596.004      -11.88367       4606.004      -11.88722       4616.003    
  -11.89077       4626.003      -11.89431       4636.002      -11.89785    
   4646.005      -11.90138       4656.004      -11.90490       4666.003    
  -11.90841       4676.004      -11.91192       4686.003      -11.91541    
   4696.003      -11.91891       4706.006      -11.92239       4716.002    
  -11.92587       4726.006      -11.92934       4736.002      -11.93280    
   4746.005      -11.93626       4756.005      -11.93971       4766.002    
  -11.94315       4776.005      -11.94659       4786.002      -11.95002    
   4796.004      -11.95344       4806.004      -11.95686       4816.001    
  -11.96027       4826.002      -11.96367       4836.004      -11.96706    
   4846.004      -11.97045       4856.007      -11.97384       4866.006    
  -11.97721       4876.002      -11.98058       4886.005      -11.98394    
   4896.006      -11.98730       4906.004      -11.99065       4916.001    
  -11.99399       4926.002      -11.99733       4936.005      -12.00066    
   4946.006      -12.00398       4956.005      -12.00730       4966.003    
  -12.01061       4976.005      -12.01391       4986.005      -12.01721    
   4996.006      -12.02050       5006.002      -12.02379       5016.004    
  -12.02707       5026.002      -12.03034       5036.006      -12.03361    
   5046.004      -12.03687       5056.006      -12.04012       5066.005    
  -12.04337       5076.002      -12.04661       5086.002      -12.04985    
   5096.005      -12.05308       5106.002      -12.05630       5116.005    
  -12.05952       5126.005      -12.06273       5136.002      -12.06594    
   5146.004      -12.06914       5156.006      -12.07234       5166.002    
  -12.07552       5176.003      -12.07871       5186.003      -12.08188    
   5196.003      -12.08505       5206.005      -12.08822       5216.003    
  -12.09138       5226.006      -12.09453       5236.003      -12.09768    
   5246.004      -12.10082       5256.004      -12.10396       5266.006    
  -12.10709       5276.003      -12.11021       5286.005      -12.11333    
   5296.006      -12.11645       5306.005      -12.11956       5316.003    
  -12.12266       5326.005      -12.12576       5336.005      -12.12885    
   5346.003      -12.13193       5356.000      -12.13501       5366.001    
  -12.13809       5376.005      -12.14116       5386.002      -12.14422    
   5396.002      -12.14728       5406.003      -12.15033       5416.005    
  -12.15338       5426.004      -12.15642       5436.004      -12.15946    
   5446.005      -12.16249       5456.006      -12.16552       5466.007    
  -12.16854       5476.002      -12.17156       5486.001      -12.17457    
   5496.003      -12.17757       5506.002      -12.18057       5516.004    
  -12.18357       5526.003      -12.18656       5536.005      -12.18955    
   5546.001      -12.19252       5556.002      -12.19550       5566.003    
  -12.19847       5576.004      -12.20143       5586.005      -12.20439    
   5596.001      -12.20735       5606.007      -12.21030       5616.003    
  -12.21324       5626.004      -12.21618       5636.004      -12.21912    
   5646.004      -12.22204       5656.002      -12.22497       5666.006    
  -12.22789       5676.006      -12.23080       5686.002      -12.23371    
   5701.005      -12.23654       5711.007      -12.23945       5721.004    
  -12.24234       5731.004      -12.24524       5741.001      -12.24813    
   5751.001      -12.25101       5761.005      -12.25389       5771.008    
  -12.25676       5781.006      -12.25963       5791.002      -12.26249    
   5801.003      -12.26535       5811.001      -12.26821       5821.001    
  -12.27106       5831.003      -12.27390       5841.005      -12.27674    
   5851.005      -12.27958       5861.003      -12.28241       5871.006    
  -12.28524       5881.003      -12.28806       5891.007      -12.29088    
   5901.005      -12.29369       5911.008      -12.29650       5921.004    
  -12.29930       5931.001      -12.30210       5941.006      -12.30489    
   5951.001      -12.30768       5961.006      -12.31047       5971.005    
  -12.31325       5981.002      -12.31602       5991.005      -12.31880    
   6001.005      -12.32156       6011.005      -12.32433       6021.006    
  -12.32708       6031.006      -12.32984       6041.007      -12.33259    
   6051.004      -12.33533       6061.008      -12.33807       6071.001    
  -12.34081       6081.005      -12.34354       6091.005      -12.34627    
   6101.004      -12.34899       6111.004      -12.35171       6121.006    
  -12.35442       6131.001      -12.35713       6141.002      -12.35984    
   6151.002      -12.36254       6161.006      -12.36524       6171.002    
  -12.36793       6181.004      -12.37062       6191.001      -12.37330    
   6201.005      -12.37598       6211.001      -12.37866       6221.003    
  -12.38133       6231.001      -12.38400       6241.004      -12.38666    
   6251.006      -12.38932       6261.007      -12.39198       6271.004    
  -12.39463       6281.006      -12.39728       6291.003      -12.39992    
   6301.005      -12.40256       6311.003      -12.40519       6321.007    
  -12.40783       6331.005      -12.41045       6341.005      -12.41308    
   6351.000      -12.41569       6361.004      -12.41831       6371.003    
  -12.42092       6381.007      -12.42353       6391.005      -12.42613    
   6401.002      -12.42873       6411.003      -12.43132       6421.003    
  -12.43392       6431.004      -12.43650       6441.003      -12.43909    
   6451.004      -12.44167       6461.002      -12.44424       6471.005    
  -12.44681       6481.002      -12.44938       6491.004      -12.45195    
   6501.004      -12.45451       6511.004      -12.45706       6521.006    
  -12.45961       6531.005      -12.46216       6541.005      -12.46471    
   6551.006      -12.46725       6561.001      -12.46979       6571.004    
  -12.47232       6581.004      -12.47485       6591.004      -12.47738    
   6601.006      -12.47990       6611.004      -12.48242       6621.003    
  -12.48493       6631.003      -12.48745       6641.007      -12.48995    
   6651.003      -12.49246       6661.004      -12.49496       6671.006    
  -12.49746       6681.000      -12.49995       6691.006      -12.50244    
   6701.005      -12.50493       6711.003      -12.50741       6721.006    
  -12.50989       6731.005      -12.51236       6741.001      -12.51483    
   6751.007      -12.51730       6761.007      -12.51977       6771.010    
  -12.52223       6781.005      -12.52469       6791.004      -12.52714    
   6801.002      -12.52959       6811.005      -12.53204       6821.003    
  -12.53448       6831.001      -12.53692       6841.002      -12.53936    
   6851.007      -12.54179       6861.003      -12.54422       6871.007    
  -12.54665       6881.006      -12.54907       6891.001      -12.55149    
   6901.007      -12.55391       6911.005      -12.55632       6921.001    
  -12.55873       6931.001      -12.56113       6941.004      -12.56354    
   6951.006      -12.56594       6961.004      -12.56833       6971.000    
  -12.57072       6981.007      -12.57312       6991.009      -12.57550    
   7001.003      -12.57788       7011.003      -12.58026       7021.009    
  -12.58264       7031.003      -12.58501       7041.003      -12.58738    
   7051.006      -12.58975       7061.008      -12.59211       7071.008    
  -12.59447       7081.003      -12.59683       7091.004      -12.59918    
   7101.004      -12.60153       7111.007      -12.60388       7121.003    
  -12.60622       7131.007      -12.60856       7141.004      -12.61090    
   7151.004      -12.61323       7161.006      -12.61556       7171.006    
  -12.61789       7181.004      -12.62022       7191.001      -12.62254    
   7201.007      -12.62486       7211.008      -12.62717       7221.007    
  -12.62949       7231.007      -12.63179       7241.006      -12.63410    
   7251.002      -12.63640       7261.005      -12.63870       7271.001    
  -12.64100       7281.007      -12.64329       7291.006      -12.64558    
   7301.008      -12.64787       7311.003      -12.65016       7321.003    
  -12.65244       7331.006      -12.65472       7341.006      -12.65699    
   7351.003      -12.65926       7361.006      -12.66153       7371.002    
  -12.66380       7381.004      -12.66606       7391.007      -12.66832    
   7401.007      -12.67058       7411.001      -12.67284       7421.004    
  -12.67509       7431.004      -12.67734       7441.001      -12.67958    
   7451.008      -12.68183       7461.003      -12.68407       7471.008    
  -12.68630       7481.006      -12.68854       7491.005      -12.69077    
   7501.009      -12.69300       7511.010      -12.69522       7521.007    
  -12.69745       7531.006      -12.69967       7541.009      -12.70188    
   7551.005      -12.70410       7561.006      -12.70631       7571.008    
  -12.70852       7581.007      -12.71072       7591.006      -12.71292    
   7601.001      -12.71512       7611.006      -12.71732       7621.007    
  -12.71952       7631.004      -12.72171       7641.007      -12.72390    
   7651.009      -12.72608       7661.004      -12.72827       7671.007    
  -12.73045       7681.007      -12.73263       7691.003      -12.73480    
   7701.008      -12.73697       7711.009      -12.73914       7721.001    
  -12.74131       7731.007      -12.74347       7741.004      -12.74563    
   7751.005      -12.74779       7761.007      -12.74995       7771.005    
  -12.75210       7781.002      -12.75425       7791.004      -12.75640    
   7801.002      -12.75854       7811.000      -12.76069       7821.006    
  -12.76283       7831.008      -12.76497       7841.005      -12.76710    
   7851.011      -12.76923       7861.004      -12.77136       7871.005    
  -12.77349       7881.006      -12.77561       7891.002      -12.77773    
   7901.002      -12.77985       7911.006      -12.78197       7921.002    
  -12.78408       7931.005      -12.78619       7941.008      -12.78830    
   7951.006      -12.79041       7961.004      -12.79251       7971.001    
  -12.79461       7981.006      -12.79671       7991.006      -12.79881    
   8001.010      -12.80090       8011.005      -12.80299       8021.003    
  -12.80508       8031.009      -12.80717       8041.011      -12.80925    
   8051.006      -12.81133       8061.010      -12.81341       8071.000    
  -12.81548       8081.006      -12.81755       8091.008      -12.81963    
   8101.008      -12.82169       8111.002      -12.82376       8121.001    
  -12.82582       8131.007      -12.82788       8141.007      -12.82994    
   8151.007      -12.83200       8161.009      -12.83405       8171.011    
  -12.83610       8181.007      -12.83815       8191.006      -12.84020    
   8201.004      -12.84224    
