  MIHALAS PLANE-PARALLEL NON-LTE   MODEL
      TEMPERATURE =  35000.0   LOG G =   3.3000
    45
   113.9000      -11.85072       133.1800      -9.592155       160.3100    
  -7.399598       160.3200      -7.370852       188.1900      -5.838069    
   227.8100      -4.364821       227.8200      -2.986060       258.4400    
  -2.178396       258.4500       1.549571       314.7400       1.694421    
   402.4100       1.875787       402.4200       1.875365       447.5000    
   1.964738       503.9700       2.071915       503.9800       2.054698    
   577.7400       2.081660       676.8200       2.096978       740.3000    
   2.097909       816.9200       2.091566       861.5000       2.085014    
   911.2200       2.075078       911.2300       2.223869       971.9800    
   2.175410       1025.130       2.133167       1214.960       1.984401    
   1525.760       1.752952       2050.270       1.402702       2050.280    
   1.405098       2624.300       1.075898       3644.700      0.5938010    
   3644.800      0.6393771       4165.600      0.4417693       4859.800    
  0.2078878       5695.100     -3.9078202E-02   5695.200     -3.8693488E-02
   6560.800     -0.2635891       8200.800     -0.6249880       8200.900    
 -0.6157987       10498.00      -1.020289       14579.00      -1.567531    
   14580.00      -1.565191       18744.00      -1.987800       22779.00    
  -2.317945       22780.00      -2.317183       45208.00      -3.485306    
