 C	NON-LTE SURFACE FLUXES FROM AUER-MIHALAS MODELS                              
  TEFF= 90000  LOG G= 6.5   Y=10%     NLTE LINES MODEL                          
 811
   117.0000      -11.96304       127.0000      -11.74707       137.0000    
  -11.50609       147.0000      -11.26585       157.0000      -11.04295    
   167.0000      -10.84742       177.0001      -10.67904       187.0001    
  -10.53335       197.0000      -10.40667       207.0000      -10.29605    
   217.0001      -10.19907       227.0000      -10.11375       233.0000    
  -7.756514       243.0000      -7.791241       253.0000      -7.825885    
   263.0000      -7.860330       273.0000      -7.894481       283.0001    
  -7.928267       293.0000      -7.961630       303.0000      -7.994528    
   313.0001      -8.026928       323.0000      -8.058803       333.0000    
  -8.090144       342.9999      -8.120950       353.0001      -8.151219    
   363.0001      -8.180954       373.0001      -8.210158       383.0002    
  -8.238838       393.0002      -8.266998       403.0002      -8.294647    
   413.0001      -8.321794       423.0000      -8.348454       433.0001    
  -8.374638       443.0001      -8.400362       452.9999      -8.425639    
   463.0002      -8.450482       473.0001      -8.474902       482.9999    
  -8.498912       493.0001      -8.522523       503.0002      -8.545746    
   511.0001      -8.564084       521.0002      -8.586671       531.0001    
  -8.608883       541.0002      -8.630739       550.9999      -8.652250    
   561.0000      -8.673432       571.0001      -8.694297       581.0000    
  -8.714855       591.0002      -8.735120       600.9999      -8.755099    
   611.0004      -8.774807       621.0002      -8.794248       630.9999    
  -8.813435       641.0001      -8.832375       651.0004      -8.851076    
   661.0002      -8.869546       671.0002      -8.887793       681.0003    
  -8.905822       690.9999      -8.923640       701.0002      -8.941257    
   711.0000      -8.958672       721.0002      -8.975894       730.9999    
  -8.992927       741.0004      -9.009777       750.9999      -9.026445    
   761.0004      -9.042937       771.0001      -9.059251       781.0005    
  -9.075390       790.9999      -9.091352       801.0002      -9.107141    
   811.0001      -9.122760       820.9999      -9.138207       831.0004    
  -9.153491       841.0002      -9.168619       851.0004      -9.183603    
   860.9998      -9.198451       871.0001      -9.213175       881.0004    
  -9.227781       891.0001      -9.242277       901.0005      -9.256673    
   911.0001      -9.270971       911.9999      -9.053648       922.0001    
  -9.069880       932.0000      -9.085931       942.0002      -9.101810    
   952.0001      -9.117523       961.9999      -9.133079       972.0002    
  -9.148483       981.9999      -9.163743       992.0001      -9.178864    
   1002.000      -9.193853       1012.000      -9.208716       1022.000    
  -9.223456       1032.000      -9.238081       1042.000      -9.252592    
   1052.000      -9.266990       1062.000      -9.281277       1072.000    
  -9.295453       1082.000      -9.309519       1092.000      -9.323479    
   1102.000      -9.337328       1112.000      -9.351074       1122.000    
  -9.364716       1132.000      -9.378251       1142.000      -9.391685    
   1152.000      -9.405019       1162.000      -9.418251       1172.000    
  -9.431382       1182.000      -9.444417       1192.000      -9.457353    
   1202.000      -9.470193       1212.000      -9.482938       1222.001    
  -9.495588       1232.000      -9.508144       1242.000      -9.520609    
   1252.000      -9.532984       1262.000      -9.545268       1272.000    
  -9.557466       1282.000      -9.569576       1292.000      -9.581601    
   1302.000      -9.593543       1312.000      -9.605401       1322.000    
  -9.617178       1332.000      -9.628873       1342.000      -9.640489    
   1352.000      -9.652026       1362.000      -9.663486       1372.000    
  -9.674870       1382.000      -9.686178       1392.000      -9.697412    
   1402.000      -9.708572       1412.000      -9.719660       1422.000    
  -9.730678       1432.000      -9.741623       1442.000      -9.752500    
   1452.001      -9.763307       1462.000      -9.774046       1472.000    
  -9.784719       1482.001      -9.795326       1492.001      -9.805867    
   1502.000      -9.816343       1512.000      -9.826756       1522.000    
  -9.837107       1532.000      -9.847394       1542.000      -9.857619    
   1552.000      -9.867785       1562.001      -9.877892       1572.000    
  -9.887937       1582.000      -9.897923       1592.000      -9.907853    
   1602.000      -9.917726       1612.000      -9.927541       1622.000    
  -9.937301       1632.000      -9.947005       1642.000      -9.956655    
   1652.000      -9.966251       1662.000      -9.975793       1672.000    
  -9.985282       1682.000      -9.994720       1692.000      -10.00410    
   1702.000      -10.01344       1712.000      -10.02272       1722.000    
  -10.03196       1732.001      -10.04114       1742.000      -10.05027    
   1752.001      -10.05936       1762.000      -10.06840       1772.001    
  -10.07739       1782.001      -10.08634       1792.000      -10.09524    
   1802.001      -10.10409       1812.000      -10.11289       1822.000    
  -10.12166       1832.001      -10.13037       1842.001      -10.13905    
   1852.000      -10.14768       1862.000      -10.15626       1872.000    
  -10.16481       1882.001      -10.17331       1892.001      -10.18176    
   1902.000      -10.19018       1912.001      -10.19856       1922.000    
  -10.20689       1932.000      -10.21519       1942.000      -10.22345    
   1952.000      -10.23166       1962.000      -10.23984       1972.000    
  -10.24798       1982.000      -10.25608       1992.000      -10.26414    
   2002.000      -10.27216       2012.000      -10.28015       2022.001    
  -10.28810       2032.000      -10.29601       2042.000      -10.30389    
   2051.000      -10.30172       2061.000      -10.30959       2071.001    
  -10.31742       2081.001      -10.32521       2091.000      -10.33297    
   2101.001      -10.34069       2111.001      -10.34838       2121.001    
  -10.35603       2131.000      -10.36365       2141.000      -10.37123    
   2151.001      -10.37878       2161.001      -10.38630       2171.000    
  -10.39378       2181.000      -10.40123       2191.000      -10.40865    
   2201.000      -10.41604       2211.000      -10.42339       2221.000    
  -10.43071       2231.000      -10.43800       2241.000      -10.44526    
   2251.001      -10.45249       2261.001      -10.45969       2271.001    
  -10.46685       2281.001      -10.47399       2291.000      -10.48110    
   2301.001      -10.48818       2311.000      -10.49522       2321.000    
  -10.50224       2331.000      -10.50923       2341.001      -10.51620    
   2351.001      -10.52313       2361.000      -10.53003       2371.000    
  -10.53691       2381.001      -10.54376       2391.000      -10.55058    
   2401.001      -10.55738       2411.001      -10.56415       2421.000    
  -10.57089       2431.001      -10.57760       2441.001      -10.58429    
   2451.001      -10.59095       2461.000      -10.59759       2471.000    
  -10.60420       2481.000      -10.61078       2491.000      -10.61734    
   2501.001      -10.62388       2511.000      -10.63039       2521.000    
  -10.63687       2531.002      -10.64333       2541.000      -10.64977    
   2551.001      -10.65618       2561.000      -10.66257       2571.000    
  -10.66893       2581.000      -10.67527       2591.001      -10.68159    
   2601.000      -10.68788       2611.000      -10.69415       2621.000    
  -10.70040       2631.001      -10.70662       2641.000      -10.71282    
   2651.001      -10.71900       2661.001      -10.72516       2671.000    
  -10.73130       2681.001      -10.73741       2691.000      -10.74350    
   2701.000      -10.74957       2711.000      -10.75562       2721.000    
  -10.76165       2731.000      -10.76765       2741.000      -10.77364    
   2751.000      -10.77960       2761.001      -10.78555       2771.001    
  -10.79147       2781.000      -10.79737       2791.001      -10.80325    
   2801.000      -10.80911       2811.000      -10.81496       2821.001    
  -10.82078       2831.000      -10.82658       2841.001      -10.83237    
   2851.000      -10.83813       2861.000      -10.84387       2871.001    
  -10.84960       2881.001      -10.85530       2891.002      -10.86099    
   2901.000      -10.86666       2911.001      -10.87231       2921.002    
  -10.87794       2931.001      -10.88355       2941.001      -10.88915    
   2951.002      -10.89472       2961.000      -10.90028       2971.001    
  -10.90582       2981.001      -10.91134       2990.999      -10.91685    
   3000.999      -10.92234       3011.001      -10.92781       3021.000    
  -10.93326       3031.002      -10.93869       3040.999      -10.94411    
   3051.000      -10.94951       3061.001      -10.95490       3071.000    
  -10.96026       3081.001      -10.96561       3091.001      -10.97095    
   3101.002      -10.97627       3111.001      -10.98157       3121.001    
  -10.98685       3131.001      -10.99212       3141.002      -10.99737    
   3151.001      -11.00261       3161.000      -11.00783       3170.999    
  -11.01303       3181.000      -11.01822       3191.000      -11.02340    
   3201.000      -11.02856       3211.001      -11.03370       3220.999    
  -11.03883       3231.002      -11.04394       3241.002      -11.04904    
   3251.000      -11.05412       3261.001      -11.05919       3270.999    
  -11.06424       3281.000      -11.06927       3290.999      -11.07430    
   3301.002      -11.07931       3311.000      -11.08430       3321.001    
  -11.08928       3331.000      -11.09424       3341.000      -11.09920    
   3351.000      -11.10413       3361.002      -11.10906       3371.001    
  -11.11396       3381.001      -11.11886       3391.002      -11.12374    
   3401.000      -11.12861       3411.000      -11.13346       3421.003    
  -11.13830       3431.000      -11.14313       3441.001      -11.14794    
   3451.000      -11.15274       3461.001      -11.15753       3471.000    
  -11.16230       3481.001      -11.16706       3491.000      -11.17181    
   3501.000      -11.17654       3511.000      -11.18126       3520.999    
  -11.18597       3531.001      -11.19066       3541.002      -11.19535    
   3551.002      -11.20002       3560.999      -11.20467       3571.001    
  -11.20932       3581.001      -11.21395       3591.000      -11.21857    
   3601.000      -11.22318       3611.001      -11.22777       3621.000    
  -11.23236       3631.001      -11.23693       3641.002      -11.24149    
   3646.002      -11.23124       3656.002      -11.23580       3666.003    
  -11.24035       3676.000      -11.24488       3686.001      -11.24941    
   3696.003      -11.25392       3706.001      -11.25842       3715.998    
  -11.26291       3726.000      -11.26739       3736.001      -11.27186    
   3746.001      -11.27631       3756.000      -11.28076       3766.000    
  -11.28519       3776.001      -11.28962       3786.000      -11.29403    
   3796.000      -11.29843       3806.001      -11.30282       3815.999    
  -11.30719       3826.003      -11.31156       3836.001      -11.31592    
   3846.003      -11.32027       3855.998      -11.32460       3866.000    
  -11.32893       3876.001      -11.33324       3886.002      -11.33754    
   3896.001      -11.34184       3906.002      -11.34612       3916.001    
  -11.35039       3926.000      -11.35465       3936.002      -11.35890    
   3946.000      -11.36314       3956.001      -11.36738       3966.000    
  -11.37160       3976.001      -11.37581       3986.000      -11.38001    
   3996.000      -11.38420       4006.000      -11.38838       4015.999    
  -11.39255       4026.001      -11.39671       4035.999      -11.40086    
   4046.000      -11.40500       4056.003      -11.40913       4066.002    
  -11.41325       4075.999      -11.41736       4086.002      -11.42146    
   4096.005      -11.42556       4106.001      -11.42964       4116.003    
  -11.43371       4126.005      -11.43778       4136.004      -11.44183    
   4146.002      -11.44588       4156.001      -11.44991       4166.002    
  -11.45394       4176.002      -11.45795       4186.002      -11.46196    
   4196.004      -11.46596       4206.004      -11.46995       4216.002    
  -11.47393       4226.001      -11.47790       4236.005      -11.48186    
   4246.002      -11.48581       4256.005      -11.48976       4266.005    
  -11.49369       4276.005      -11.49762       4286.002      -11.50154    
   4296.005      -11.50544       4306.004      -11.50934       4316.003    
  -11.51323       4326.004      -11.51712       4336.004      -11.52099    
   4346.002      -11.52485       4356.000      -11.52871       4366.003    
  -11.53256       4376.004      -11.53640       4386.002      -11.54023    
   4396.001      -11.54405       4406.004      -11.54786       4416.002    
  -11.55167       4426.004      -11.55547       4436.002      -11.55925    
   4446.003      -11.56304       4456.001      -11.56681       4466.003    
  -11.57057       4476.003      -11.57433       4486.002      -11.57807    
   4496.002      -11.58181       4506.005      -11.58555       4516.002    
  -11.58927       4526.002      -11.59298       4536.004      -11.59669    
   4546.003      -11.60039       4556.004      -11.60408       4566.005    
  -11.60777       4576.005      -11.61144       4586.004      -11.61511    
   4596.004      -11.61877       4606.004      -11.62242       4616.003    
  -11.62607       4626.003      -11.62970       4636.002      -11.63333    
   4646.005      -11.63695       4656.004      -11.64057       4666.003    
  -11.64417       4676.004      -11.64777       4686.003      -11.65136    
   4696.003      -11.65495       4706.006      -11.65852       4716.002    
  -11.66209       4726.006      -11.66565       4736.002      -11.66921    
   4746.005      -11.67275       4756.005      -11.67629       4766.002    
  -11.67982       4776.005      -11.68335       4786.002      -11.68687    
   4796.004      -11.69038       4806.004      -11.69388       4816.001    
  -11.69738       4826.002      -11.70086       4836.004      -11.70435    
   4846.004      -11.70782       4856.007      -11.71129       4866.006    
  -11.71475       4876.002      -11.71820       4886.005      -11.72165    
   4896.006      -11.72509       4906.004      -11.72852       4916.001    
  -11.73195       4926.002      -11.73537       4936.005      -11.73878    
   4946.006      -11.74218       4956.005      -11.74558       4966.003    
  -11.74897       4976.005      -11.75236       4986.005      -11.75574    
   4996.006      -11.75911       5006.002      -11.76247       5016.004    
  -11.76583       5026.002      -11.76918       5036.006      -11.77253    
   5046.004      -11.77587       5056.006      -11.77920       5066.005    
  -11.78252       5076.002      -11.78584       5086.002      -11.78915    
   5096.005      -11.79246       5106.002      -11.79576       5116.005    
  -11.79905       5126.005      -11.80234       5136.002      -11.80562    
   5146.004      -11.80890       5156.006      -11.81216       5166.002    
  -11.81542       5176.003      -11.81868       5186.003      -11.82193    
   5196.003      -11.82517       5206.005      -11.82841       5216.003    
  -11.83164       5226.006      -11.83486       5236.003      -11.83808    
   5246.004      -11.84129       5256.004      -11.84450       5266.006    
  -11.84770       5276.003      -11.85089       5286.005      -11.85408    
   5296.006      -11.85726       5306.005      -11.86044       5316.003    
  -11.86361       5326.005      -11.86677       5336.005      -11.86993    
   5346.003      -11.87308       5356.000      -11.87622       5366.001    
  -11.87936       5376.005      -11.88250       5386.002      -11.88563    
   5396.002      -11.88875       5406.003      -11.89187       5416.005    
  -11.89498       5426.004      -11.89809       5436.004      -11.90119    
   5446.005      -11.90428       5456.006      -11.90737       5466.007    
  -11.91045       5476.002      -11.91353       5486.001      -11.91660    
   5496.003      -11.91966       5506.002      -11.92272       5516.004    
  -11.92578       5526.003      -11.92883       5536.005      -11.93187    
   5546.001      -11.93491       5556.002      -11.93794       5566.003    
  -11.94097       5576.004      -11.94399       5586.005      -11.94701    
   5596.001      -11.95002       5606.007      -11.95302       5616.003    
  -11.95602       5626.004      -11.95902       5636.004      -11.96201    
   5646.004      -11.96499       5656.002      -11.96797       5666.006    
  -11.97094       5676.006      -11.97391       5686.002      -11.97687    
   5701.005      -11.98040       5711.007      -11.98336       5721.004    
  -11.98632       5731.004      -11.98927       5741.001      -11.99222    
   5751.001      -11.99516       5761.005      -11.99810       5771.008    
  -12.00104       5781.006      -12.00396       5791.002      -12.00689    
   5801.003      -12.00980       5811.001      -12.01272       5821.001    
  -12.01563       5831.003      -12.01853       5841.005      -12.02143    
   5851.005      -12.02432       5861.003      -12.02721       5871.006    
  -12.03010       5881.003      -12.03297       5891.007      -12.03585    
   5901.005      -12.03872       5911.008      -12.04158       5921.004    
  -12.04444       5931.001      -12.04730       5941.006      -12.05015    
   5951.001      -12.05299       5961.006      -12.05584       5971.005    
  -12.05867       5981.002      -12.06150       5991.005      -12.06433    
   6001.005      -12.06715       6011.005      -12.06997       6021.006    
  -12.07278       6031.006      -12.07559       6041.007      -12.07840    
   6051.004      -12.08119       6061.008      -12.08399       6071.001    
  -12.08678       6081.005      -12.08957       6091.005      -12.09235    
   6101.004      -12.09512       6111.004      -12.09789       6121.006    
  -12.10066       6131.001      -12.10342       6141.002      -12.10618    
   6151.002      -12.10894       6161.006      -12.11169       6171.002    
  -12.11443       6181.004      -12.11718       6191.001      -12.11991    
   6201.005      -12.12264       6211.001      -12.12537       6221.003    
  -12.12810       6231.001      -12.13081       6241.004      -12.13353    
   6251.006      -12.13624       6261.007      -12.13895       6271.004    
  -12.14165       6281.006      -12.14435       6291.003      -12.14704    
   6301.005      -12.14973       6311.003      -12.15242       6321.007    
  -12.15510       6331.005      -12.15777       6341.005      -12.16045    
   6351.000      -12.16311       6361.004      -12.16578       6371.003    
  -12.16844       6381.007      -12.17110       6391.005      -12.17375    
   6401.002      -12.17640       6411.003      -12.17904       6421.003    
  -12.18168       6431.004      -12.18432       6441.003      -12.18695    
   6451.004      -12.18958       6461.002      -12.19220       6471.005    
  -12.19482       6481.002      -12.19743       6491.004      -12.20005    
   6501.004      -12.20265       6511.004      -12.20526       6521.006    
  -12.20786       6531.005      -12.21045       6541.005      -12.21305    
   6551.006      -12.21564       6561.001      -12.21822       6571.004    
  -12.22080       6581.004      -12.22338       6591.004      -12.22595    
   6601.006      -12.22852       6611.004      -12.23108       6621.003    
  -12.23364       6631.003      -12.23620       6641.007      -12.23875    
   6651.003      -12.24130       6661.004      -12.24385       6671.006    
  -12.24639       6681.000      -12.24893       6691.006      -12.25147    
   6701.005      -12.25400       6711.003      -12.25652       6721.006    
  -12.25905       6731.005      -12.26157       6741.001      -12.26408    
   6751.007      -12.26660       6761.007      -12.26910       6771.010    
  -12.27161       6781.005      -12.27411       6791.004      -12.27661    
   6801.002      -12.27910       6811.005      -12.28159       6821.003    
  -12.28408       6831.001      -12.28656       6841.002      -12.28904    
   6851.007      -12.29152       6861.003      -12.29399       6871.007    
  -12.29646       6881.006      -12.29893       6891.001      -12.30139    
   6901.007      -12.30385       6911.005      -12.30630       6921.001    
  -12.30875       6931.001      -12.31120       6941.004      -12.31365    
   6951.006      -12.31609       6961.004      -12.31852       6971.000    
  -12.32096       6981.007      -12.32339       6991.009      -12.32582    
   7001.003      -12.32824       7011.003      -12.33066       7021.009    
  -12.33308       7031.003      -12.33549       7041.003      -12.33790    
   7051.006      -12.34031       7061.008      -12.34271       7071.008    
  -12.34511       7081.003      -12.34751       7091.004      -12.34990    
   7101.004      -12.35229       7111.007      -12.35468       7121.003    
  -12.35706       7131.007      -12.35944       7141.004      -12.36182    
   7151.004      -12.36419       7161.006      -12.36656       7171.006    
  -12.36893       7181.004      -12.37129       7191.001      -12.37365    
   7201.007      -12.37601       7211.008      -12.37837       7221.007    
  -12.38072       7231.007      -12.38306       7241.006      -12.38541    
   7251.002      -12.38775       7261.005      -12.39009       7271.001    
  -12.39242       7281.007      -12.39475       7291.006      -12.39708    
   7301.008      -12.39941       7311.003      -12.40173       7321.003    
  -12.40405       7331.006      -12.40637       7341.006      -12.40868    
   7351.003      -12.41099       7361.006      -12.41330       7371.002    
  -12.41560       7381.004      -12.41790       7391.007      -12.42020    
   7401.007      -12.42249       7411.001      -12.42478       7421.004    
  -12.42707       7431.004      -12.42936       7441.001      -12.43164    
   7451.008      -12.43392       7461.003      -12.43619       7471.008    
  -12.43847       7481.006      -12.44074       7491.005      -12.44300    
   7501.009      -12.44527       7511.010      -12.44753       7521.007    
  -12.44979       7531.006      -12.45204       7541.009      -12.45430    
   7551.005      -12.45654       7561.006      -12.45879       7571.008    
  -12.46103       7581.007      -12.46328       7591.006      -12.46551    
   7601.001      -12.46775       7611.006      -12.46998       7621.007    
  -12.47221       7631.004      -12.47443       7641.007      -12.47666    
   7651.009      -12.47888       7661.004      -12.48110       7671.007    
  -12.48331       7681.007      -12.48552       7691.003      -12.48773    
   7701.008      -12.48994       7711.009      -12.49214       7721.001    
  -12.49434       7731.007      -12.49654       7741.004      -12.49873    
   7751.005      -12.50093       7761.007      -12.50311       7771.005    
  -12.50530       7781.002      -12.50748       7791.004      -12.50966    
   7801.002      -12.51184       7811.000      -12.51402       7821.006    
  -12.51619       7831.008      -12.51836       7841.005      -12.52053    
   7851.011      -12.52269       7861.004      -12.52485       7871.005    
  -12.52701       7881.006      -12.52917       7891.002      -12.53132    
   7901.002      -12.53347       7911.006      -12.53562       7921.002    
  -12.53777       7931.005      -12.53991       7941.008      -12.54205    
   7951.006      -12.54419       7961.004      -12.54632       7971.001    
  -12.54846       7981.006      -12.55059       7991.006      -12.55271    
   8001.010      -12.55484       8011.005      -12.55696       8021.003    
  -12.55908       8031.009      -12.56120       8041.011      -12.56331    
   8051.006      -12.56542       8061.010      -12.56753       8071.000    
  -12.56963       8081.006      -12.57174       8091.008      -12.57384    
   8101.008      -12.57594       8111.002      -12.57803       8121.001    
  -12.58013       8131.007      -12.58222       8141.007      -12.58431    
   8151.007      -12.58639       8161.009      -12.58848       8171.011    
  -12.59056       8181.007      -12.59264       8191.006      -12.59471    
   8201.004      -12.59678    
