 mihalis model (october '85) 30000 k log g 4.5                                  
 Written in SPECTRUM 2 format                                                  
        43
  1.13903E+02 -1.61055E+01     1.33182E+02 -1.30137E+01     1.60317E+02 -9.98316E+00
  1.88194E+02 -7.80201E+00     2.27806E+02 -5.64513E+00     2.27806E+02 -7.18753E+00
  2.58442E+02 -5.89113E+00     3.14744E+02 -4.24311E+00     4.02406E+02 -2.72853E+00
  4.47497E+02 -2.22838E+00     5.03971E+02 -1.76241E+00     5.03971E+02 -1.19612E-01
  5.77744E+02  6.49290E-02     6.76823E+02  3.03049E-01     7.40302E+02  4.24782E-01
  8.16920E+02  5.40041E-01     8.61497E+02  5.92692E-01     9.11228E+02  6.41546E-01
  9.11228E+02  2.41555E+00     9.71978E+02  2.34669E+00     1.02513E+03  2.28725E+00
  1.21496E+03  2.08607E+00     1.52576E+03  1.79543E+00     2.05027E+03  1.39758E+00
  2.05027E+03  1.39758E+00     2.62433E+03  1.05116E+00     3.64485E+03  5.77042E-01
  3.64485E+03  6.77042E-01     4.16563E+03  4.67840E-01     4.85979E+03  2.23964E-01
  5.69508E+03 -3.02004E-02     5.69508E+03 -3.02004E-02     6.56082E+03 -2.58316E-01
  8.20075E+03 -6.22108E-01     8.20075E+03 -6.03708E-01     1.04976E+04 -1.01418E+00
  1.45794E+04 -1.56508E+00     1.45794E+04 -1.56028E+00     1.87441E+04 -1.98573E+00
  2.27790E+04 -2.31707E+00     2.27790E+04 -2.31547E+00     4.52080E+04 -3.48803E+00
  3.03030E+06 -1.07002E+01
