 mihalis model (october '85) 35000 k log g 4.0                                  
 Written in SPECTRUM 2 format                                                  
        43
  1.13903E+02 -1.07775E+01     1.33182E+02 -8.62009E+00     1.60317E+02 -6.51356E+00
  1.88194E+02 -5.02001E+00     2.27806E+02 -3.57553E+00     2.27806E+02  1.01447E+00
  2.58442E+02  1.01887E+00     3.14744E+02  9.90086E-01     4.02406E+02  1.20747E+00
  4.47497E+02  1.39402E+00     5.03971E+02  1.60679E+00     5.03971E+02  1.84039E+00
  5.77744E+02  1.84733E+00     6.76823E+02  1.85985E+00     7.40302E+02  1.86598E+00
  8.16920E+02  1.86844E+00     8.61497E+02  1.86709E+00     9.11228E+02  1.86395E+00
  9.11228E+02  2.40075E+00     9.71978E+02  2.34229E+00     1.02513E+03  2.29125E+00
  1.21496E+03  2.11407E+00     1.52576E+03  1.84703E+00     2.05027E+03  1.47358E+00
  2.05027E+03  1.47358E+00     2.62433E+03  1.12236E+00     3.64485E+03  6.30642E-01
  3.64485E+03  6.80242E-01     4.16563E+03  4.71040E-01     4.85979E+03  2.25564E-01
  5.69508E+03 -3.06004E-02     5.69508E+03 -3.06004E-02     6.56082E+03 -2.61516E-01
  8.20075E+03 -6.30108E-01     8.20075E+03 -6.18908E-01     1.04976E+04 -1.03218E+00
  1.45794E+04 -1.58588E+00     1.45794E+04 -1.58308E+00     1.87441E+04 -2.00933E+00
  2.27790E+04 -2.34147E+00     2.27790E+04 -2.34067E+00     4.52080E+04 -3.51203E+00
  3.03030E+06 -1.07258E+01
