  MIHALAS PLANE-PARALLEL NON-LTE   MODEL
      TEMPERATURE =  45000.0   LOG G =   4.0000
    45
   113.9000      -7.090724       133.1800      -5.410954       160.3100    
  -3.813597       160.3200      -3.554051       188.1900      -2.474869    
   227.8100      -1.476421       227.8200       1.406341       258.4400    
   1.742405       258.4500       2.454772       314.7400       2.526421    
   402.4100       2.544987       402.4200       2.544965       447.5000    
   2.533539       503.9700       2.509915       503.9800       2.508698    
   577.7400       2.462860       676.8200       2.395778       740.3000    
   2.351909       816.9200       2.298366       861.5000       2.267014    
   911.2200       2.232278       911.2300       2.473069       971.9800    
   2.409810       1025.130       2.355567       1214.960       2.169600    
   1525.760       1.892552       2050.270       1.493902       2050.280    
   1.503898       2624.300       1.143898       3644.700      0.6362010    
   3644.800      0.6721771       4165.600      0.4621693       4859.800    
  0.2158878       5695.100     -4.1078199E-02   5695.200     -3.9893515E-02
   6560.800     -0.2719891       8200.800     -0.6417880       8200.900    
 -0.6353986       10498.00      -1.048689       14579.00      -1.603131    
   14580.00      -1.601991       18744.00      -2.028600       22779.00    
  -2.361145       22780.00      -2.360783       45208.00      -3.533306    
