  MIHALAS PLANE-PARALLEL NON-LTE   MODEL
      TEMPERATURE =  55000.0   LOG G =   8.0000
    43
   113.9000      -5.145003       133.1800      -3.750394       160.3100    
  -2.480957       188.1900      -1.656269       227.8100     -0.9277810    
   227.8200       2.970821       258.4400       2.996245       314.7400    
   3.003221       402.4100       2.960227       447.5000       2.924938    
   503.9700       2.874075       503.9800       2.873978       577.7400    
   2.801140       676.8200       2.698858       740.3000       2.633069    
   816.9200       2.554685       861.5000       2.509894       911.2200    
   2.460758       911.2300       2.515348       971.9800       2.448370    
   1025.130       2.391327       1214.960       2.198601       1525.760    
   1.915792       2050.270       1.511102       2050.280       1.517298    
   2624.300       1.155338       3644.700      0.6417609       3644.800    
  0.6726571       4165.600      0.4629693       4859.800      0.2165678    
   5695.100     -4.1238226E-02   5695.200     -3.8973477E-02   6560.800    
 -0.2714292       8200.800     -0.6425880       8200.900     -0.6352786    
   10498.00      -1.048609       14579.00      -1.603291       14580.00    
  -1.602271       18744.00      -2.028960       22779.00      -2.360945    
   22780.00      -2.360783       45208.00      -3.529786       3030303.    
  -10.75289    
