 mihalis model (october '85) 37500 k log g 3.5                                  
 Written in SPECTRUM 2 format                                                  
        43
  1.13903E+02 -9.80227E+00     1.33182E+02 -7.85409E+00     1.60317E+02 -5.97156E+00
  1.88194E+02 -4.65321E+00     2.27806E+02 -3.39473E+00     2.27806E+02  1.68607E+00
  2.58442E+02  1.79487E+00     3.14744E+02  1.92409E+00     4.02406E+02  2.06147E+00
  4.47497E+02  2.13002E+00     5.03971E+02  2.21439E+00     5.03971E+02  2.19759E+00
  5.77744E+02  2.20693E+00     6.76823E+02  2.20385E+00     7.40302E+02  2.19558E+00
  8.16920E+02  2.18044E+00     8.61497E+02  2.16909E+00     9.11228E+02  2.16075E+00
  9.11228E+02  2.31115E+00     9.71978E+02  2.25829E+00     1.02513E+03  2.21245E+00
  1.21496E+03  2.05207E+00     1.52576E+03  1.80623E+00     2.05027E+03  1.45398E+00
  2.05027E+03  1.45398E+00     2.62433E+03  1.11836E+00     3.64485E+03  6.39042E-01
  3.64485E+03  6.61842E-01     4.16563E+03  4.59440E-01     4.85979E+03  2.20364E-01
  5.69508E+03 -2.94004E-02     5.69508E+03 -2.94004E-02     6.56082E+03 -2.56716E-01
  8.20075E+03 -6.20908E-01     8.20075E+03 -6.12908E-01     1.04976E+04 -1.02098E+00
  1.45794E+04 -1.57108E+00     1.45794E+04 -1.56868E+00     1.87441E+04 -1.99293E+00
  2.27790E+04 -2.32387E+00     2.27790E+04 -2.32307E+00     4.52080E+04 -3.49123E+00
  3.03030E+06 -1.07034E+01
