 mihalis model (october '85) 22500 k log g 3.5                                  
 Written in SPECTRUM 2 format                                                  
        38
  2.27806E+02 -9.32233E+00     2.58442E+02 -9.80913E+00     3.14744E+02 -7.70471E+00
  4.02406E+02 -5.73253E+00     4.47497E+02 -5.05918E+00     5.03971E+02 -4.41241E+00
  5.03971E+02 -3.05561E+00     5.77744E+02 -2.39147E+00     6.76823E+02 -1.77055E+00
  7.40302E+02 -1.48402E+00     8.16920E+02 -1.21916E+00     8.61497E+02 -1.09691E+00
  9.11228E+02 -9.82854E-01     9.11228E+02  1.98315E+00     1.11832E+03  1.82127E+00
  1.44724E+03  1.57612E+00     1.69676E+03  1.40676E+00     2.05027E+03  1.19278E+00
  2.05027E+03  1.19278E+00     2.62433E+03  8.97564E-01     3.64485E+03  4.83042E-01
  3.64485E+03  6.37842E-01     4.33915E+03  3.82791E-01     4.85979E+03  2.13164E-01
  5.69508E+03 -2.78004E-02     5.69508E+03 -2.78004E-02     6.56082E+03 -2.46316E-01
  8.20075E+03 -5.96108E-01     8.20075E+03 -5.67308E-01     1.00010E+04 -8.87687E-01
  1.28139E+04 -1.29297E+00     1.45794E+04 -1.50588E+00     1.45794E+04 -1.49788E+00
  1.87441E+04 -1.91693E+00     2.27790E+04 -2.24427E+00     2.27790E+04 -2.24187E+00
  4.05022E+04 -3.21776E+00     3.03030E+06 -1.06134E+01
