 mihalis model (october '85) 25000 k log g 3.5                                  
 Written in SPECTRUM 2 format                                                  
        38
  2.27806E+02 -7.86713E+00     2.58442E+02 -8.37833E+00     3.14744E+02 -6.46792E+00
  4.02406E+02 -4.70893E+00     4.47497E+02 -4.11878E+00     5.03971E+02 -3.55841E+00
  5.03971E+02 -1.96681E+00     5.77744E+02 -1.47387E+00     6.76823E+02 -9.91751E-01
  7.40302E+02 -7.66018E-01     8.16920E+02 -5.56359E-01     8.61497E+02 -4.59307E-01
  9.11228E+02 -3.68854E-01     9.11228E+02  2.12195E+00     1.11832E+03  1.95087E+00
  1.44724E+03  1.69052E+00     1.69676E+03  1.51036E+00     2.05027E+03  1.28198E+00
  2.05027E+03  1.28198E+00     2.62433E+03  9.67164E-01     3.64485E+03  5.27042E-01
  3.64485E+03  6.51442E-01     4.33915E+03  3.90391E-01     4.85979E+03  2.17164E-01
  5.69508E+03 -2.86004E-02     5.69508E+03 -2.86004E-02     6.56082E+03 -2.51116E-01
  8.20075E+03 -6.06908E-01     8.20075E+03 -5.82108E-01     1.00010E+04 -9.06487E-01
  1.28139E+04 -1.31537E+00     1.45794E+04 -1.52988E+00     1.45794E+04 -1.52308E+00
  1.87441E+04 -1.94493E+00     2.27790E+04 -2.27387E+00     2.27790E+04 -2.27187E+00
  4.05022E+04 -3.25136E+00     3.03030E+06 -1.06518E+01
