 mihalis model (october '85) 37500 k log g 4.0                                  
 Written in SPECTRUM 2 format                                                  
        43
  1.13903E+02 -9.52187E+00     1.33182E+02 -7.60569E+00     1.60317E+02 -5.75956E+00
  1.88194E+02 -4.46281E+00     2.27806E+02 -3.21833E+00     2.27806E+02  1.60527E+00
  2.58442E+02  1.67207E+00     3.14744E+02  1.72329E+00     4.02406E+02  1.81707E+00
  4.47497E+02  1.90282E+00     5.03971E+02  2.01879E+00     5.03971E+02  2.07279E+00
  5.77744E+02  2.06653E+00     6.76823E+02  2.05505E+00     7.40302E+02  2.04518E+00
  8.16920E+02  2.02884E+00     8.61497E+02  2.01749E+00     9.11228E+02  2.00635E+00
  9.11228E+02  2.42035E+00     9.71978E+02  2.36069E+00     1.02513E+03  2.30845E+00
  1.21496E+03  2.12887E+00     1.52576E+03  1.85903E+00     2.05027E+03  1.48598E+00
  2.05027E+03  1.48598E+00     2.62433E+03  1.13396E+00     3.64485E+03  6.41842E-01
  3.64485E+03  6.78642E-01     4.16563E+03  4.69840E-01     4.85979E+03  2.24764E-01
  5.69508E+03 -3.02004E-02     5.69508E+03 -3.02004E-02     6.56082E+03 -2.61116E-01
  8.20075E+03 -6.29308E-01     8.20075E+03 -6.20508E-01     1.04976E+04 -1.03298E+00
  1.45794E+04 -1.58628E+00     1.45794E+04 -1.58428E+00     1.87441E+04 -2.01053E+00
  2.27790E+04 -2.34227E+00     2.27790E+04 -2.34147E+00     4.52080E+04 -3.51243E+00
  3.03030E+06 -1.07242E+01
