 mihalis model (october '85) 32500 k log g 4.0                                  
 Written in SPECTRUM 2 format                                                  
        43
  1.13903E+02 -1.28159E+01     1.33182E+02 -1.03029E+01     1.60317E+02 -7.82076E+00
  1.88194E+02 -6.04841E+00     2.27806E+02 -4.32513E+00     2.27806E+02 -9.63130E-01
  2.58442E+02 -1.29273E+00     3.14744E+02 -1.22471E+00     4.02406E+02 -2.80130E-01
  4.47497E+02  8.92189E-02     5.03971E+02  4.45588E-01     5.03971E+02  1.40999E+00
  5.77744E+02  1.43133E+00     6.76823E+02  1.48425E+00     7.40302E+02  1.51878E+00
  8.16920E+02  1.55404E+00     8.61497E+02  1.56949E+00     9.11228E+02  1.58315E+00
  9.11228E+02  2.38195E+00     9.71978E+02  2.32389E+00     1.02513E+03  2.27365E+00
  1.21496E+03  2.09727E+00     1.52576E+03  1.83103E+00     2.05027E+03  1.45278E+00
  2.05027E+03  1.45278E+00     2.62433E+03  1.10236E+00     3.64485E+03  6.13442E-01
  3.64485E+03  6.81042E-01     4.16563E+03  4.71440E-01     4.85979E+03  2.25564E-01
  5.69508E+03 -3.06004E-02     5.69508E+03 -3.06004E-02     6.56082E+03 -2.61516E-01
  8.20075E+03 -6.28908E-01     8.20075E+03 -6.14908E-01     1.04976E+04 -1.02778E+00
  1.45794E+04 -1.58108E+00     1.45794E+04 -1.57748E+00     1.87441E+04 -2.00413E+00
  2.27790E+04 -2.33587E+00     2.27790E+04 -2.33507E+00     4.52080E+04 -3.50683E+00
  3.03030E+06 -1.07198E+01
