 C	NON-LTE SURFACE FLUXES FROM AUER-MIHALAS MODELS                              
  TEFF=40000 LOG G =4.5  Y=10%   NLTE LINES MODEL                               
 811
   117.0000      -19.93762       127.0000      -18.98477       137.0000    
  -18.19571       147.0000      -17.53366       157.0000      -16.97131    
   167.0000      -16.48810       177.0001      -16.06895       187.0001    
  -15.70245       197.0000      -15.37955       207.0000      -15.09299    
   217.0001      -14.83689       227.0000      -14.60645       233.0000    
  -10.30028       243.0000      -10.29105       253.0000      -10.28658    
   263.0000      -10.28563       273.0000      -10.28716       283.0001    
  -10.29035       293.0000      -10.29449       303.0000      -10.29903    
   313.0001      -10.30350       323.0000      -10.30754       333.0000    
  -10.31086       342.9999      -10.31324       353.0001      -10.31451    
   363.0001      -10.31453       373.0001      -10.31317       383.0002    
  -10.31036       393.0002      -10.30602       403.0002      -10.30011    
   413.0001      -10.29264       423.0000      -10.28387       433.0001    
  -10.27407       443.0001      -10.26347       452.9999      -10.25229    
   463.0002      -10.24069       473.0001      -10.22885       482.9999    
  -10.21690       493.0001      -10.20498       503.0002      -10.19319    
   511.0001      -10.15408       521.0002      -10.15840       531.0001    
  -10.16259       541.0002      -10.16667       550.9999      -10.17067    
   561.0000      -10.17459       571.0001      -10.17844       581.0000    
  -10.18225       591.0002      -10.18601       600.9999      -10.18975    
   611.0004      -10.19346       621.0002      -10.19715       630.9999    
  -10.20084       641.0001      -10.20453       651.0004      -10.20822    
   661.0002      -10.21192       671.0002      -10.21564       681.0003    
  -10.21937       690.9999      -10.22313       701.0002      -10.22692    
   711.0000      -10.23074       721.0002      -10.23459       730.9999    
  -10.23848       741.0004      -10.24241       750.9999      -10.24639    
   761.0004      -10.25041       771.0001      -10.25447       781.0005    
  -10.25859       790.9999      -10.26275       801.0002      -10.26697    
   811.0001      -10.27124       820.9999      -10.27556       831.0004    
  -10.27994       841.0002      -10.28437       851.0004      -10.28887    
   860.9998      -10.29342       871.0001      -10.29804       881.0004    
  -10.30272       891.0001      -10.30747       901.0005      -10.31228    
   911.0001      -10.31716       911.9999      -9.799159       922.0001    
  -9.810369       932.0000      -9.821544       942.0002      -9.832681    
   952.0001      -9.843780       961.9999      -9.854839       972.0002    
  -9.865861       981.9999      -9.876842       992.0001      -9.887782    
   1002.000      -9.898683       1012.000      -9.909541       1022.000    
  -9.920358       1032.000      -9.931132       1042.000      -9.941866    
   1052.000      -9.952555       1062.000      -9.963202       1072.000    
  -9.973804       1082.000      -9.984364       1092.000      -9.994878    
   1102.000      -10.00535       1112.000      -10.01578       1122.000    
  -10.02616       1132.000      -10.03650       1142.000      -10.04679    
   1152.000      -10.05704       1162.000      -10.06724       1172.000    
  -10.07740       1182.000      -10.08751       1192.000      -10.09758    
   1202.000      -10.10760       1212.000      -10.11758       1222.001    
  -10.12752       1232.000      -10.13740       1242.000      -10.14725    
   1252.000      -10.15705       1262.000      -10.16680       1272.000    
  -10.17651       1282.000      -10.18618       1292.000      -10.19580    
   1302.000      -10.20538       1312.000      -10.21492       1322.000    
  -10.22441       1332.000      -10.23386       1342.000      -10.24327    
   1352.000      -10.25263       1362.000      -10.26196       1372.000    
  -10.27124       1382.000      -10.28047       1392.000      -10.28967    
   1402.000      -10.29882       1412.000      -10.30793       1422.000    
  -10.31700       1432.000      -10.32603       1442.000      -10.33502    
   1452.001      -10.34397       1462.000      -10.35288       1472.000    
  -10.36175       1482.001      -10.37057       1492.001      -10.37936    
   1502.000      -10.38811       1512.000      -10.39682       1522.000    
  -10.40549       1532.000      -10.41412       1542.000      -10.42272    
   1552.000      -10.43127       1562.001      -10.43979       1572.000    
  -10.44827       1582.000      -10.45671       1592.000      -10.46511    
   1602.000      -10.47348       1612.000      -10.48181       1622.000    
  -10.49010       1632.000      -10.49836       1642.000      -10.50658    
   1652.000      -10.51476       1662.000      -10.52291       1672.000    
  -10.53102       1682.000      -10.53910       1692.000      -10.54714    
   1702.000      -10.55515       1712.000      -10.56312       1722.000    
  -10.57106       1732.001      -10.57897       1742.000      -10.58684    
   1752.001      -10.59468       1762.000      -10.60248       1772.001    
  -10.61025       1782.001      -10.61798       1792.000      -10.62569    
   1802.001      -10.63336       1812.000      -10.64100       1822.000    
  -10.64860       1832.001      -10.65618       1842.001      -10.66372    
   1852.000      -10.67123       1862.000      -10.67871       1872.000    
  -10.68615       1882.001      -10.69357       1892.001      -10.70095    
   1902.000      -10.70831       1912.001      -10.71563       1922.000    
  -10.72293       1932.000      -10.73019       1942.000      -10.73743    
   1952.000      -10.74463       1962.000      -10.75180       1972.000    
  -10.75895       1982.000      -10.76606       1992.000      -10.77315    
   2002.000      -10.78021       2012.000      -10.78724       2022.001    
  -10.79424       2032.000      -10.80122       2042.000      -10.80816    
   2051.000      -10.79931       2061.000      -10.80636       2071.001    
  -10.81337       2081.001      -10.82035       2091.000      -10.82731    
   2101.001      -10.83423       2111.001      -10.84113       2121.001    
  -10.84801       2131.000      -10.85485       2141.000      -10.86167    
   2151.001      -10.86846       2161.001      -10.87522       2171.000    
  -10.88196       2181.000      -10.88867       2191.000      -10.89536    
   2201.000      -10.90202       2211.000      -10.90865       2221.000    
  -10.91526       2231.000      -10.92184       2241.000      -10.92840    
   2251.001      -10.93493       2261.001      -10.94144       2271.001    
  -10.94793       2281.001      -10.95439       2291.000      -10.96083    
   2301.001      -10.96724       2311.000      -10.97363       2321.000    
  -10.98000       2331.000      -10.98634       2341.001      -10.99266    
   2351.001      -10.99896       2361.000      -11.00523       2371.000    
  -11.01148       2381.001      -11.01771       2391.000      -11.02392    
   2401.001      -11.03011       2411.001      -11.03627       2421.000    
  -11.04241       2431.001      -11.04853       2441.001      -11.05463    
   2451.001      -11.06071       2461.000      -11.06677       2471.000    
  -11.07281       2481.000      -11.07882       2491.000      -11.08482    
   2501.001      -11.09079       2511.000      -11.09675       2521.000    
  -11.10268       2531.002      -11.10860       2541.000      -11.11449    
   2551.001      -11.12037       2561.000      -11.12622       2571.000    
  -11.13206       2581.000      -11.13787       2591.001      -11.14367    
   2601.000      -11.14945       2611.000      -11.15521       2621.000    
  -11.16095       2631.001      -11.16668       2641.000      -11.17238    
   2651.001      -11.17807       2661.001      -11.18373       2671.000    
  -11.18938       2681.001      -11.19501       2691.000      -11.20063    
   2701.000      -11.20622       2711.000      -11.21180       2721.000    
  -11.21736       2731.000      -11.22291       2741.000      -11.22843    
   2751.000      -11.23394       2761.001      -11.23944       2771.001    
  -11.24491       2781.000      -11.25037       2791.001      -11.25581    
   2801.000      -11.26124       2811.000      -11.26664       2821.001    
  -11.27204       2831.000      -11.27741       2841.001      -11.28277    
   2851.000      -11.28812       2861.000      -11.29345       2871.001    
  -11.29876       2881.001      -11.30406       2891.002      -11.30934    
   2901.000      -11.31460       2911.001      -11.31985       2921.002    
  -11.32509       2931.001      -11.33031       2941.001      -11.33551    
   2951.002      -11.34070       2961.000      -11.34587       2971.001    
  -11.35103       2981.001      -11.35618       2990.999      -11.36131    
   3000.999      -11.36642       3011.001      -11.37152       3021.000    
  -11.37661       3031.002      -11.38168       3040.999      -11.38674    
   3051.000      -11.39178       3061.001      -11.39681       3071.000    
  -11.40183       3081.001      -11.40683       3091.001      -11.41181    
   3101.002      -11.41679       3111.001      -11.42175       3121.001    
  -11.42670       3131.001      -11.43163       3141.002      -11.43655    
   3151.001      -11.44145       3161.000      -11.44635       3170.999    
  -11.45123       3181.000      -11.45609       3191.000      -11.46095    
   3201.000      -11.46579       3211.001      -11.47062       3220.999    
  -11.47543       3231.002      -11.48023       3241.002      -11.48502    
   3251.000      -11.48980       3261.001      -11.49457       3270.999    
  -11.49932       3281.000      -11.50406       3290.999      -11.50878    
   3301.002      -11.51350       3311.000      -11.51820       3321.001    
  -11.52289       3331.000      -11.52757       3341.000      -11.53224    
   3351.000      -11.53689       3361.002      -11.54153       3371.001    
  -11.54616       3381.001      -11.55078       3391.002      -11.55539    
   3401.000      -11.55999       3411.000      -11.56457       3421.003    
  -11.56915       3431.000      -11.57370       3441.001      -11.57826    
   3451.000      -11.58279       3461.001      -11.58732       3471.000    
  -11.59184       3481.001      -11.59634       3491.000      -11.60084    
   3501.000      -11.60532       3511.000      -11.60979       3520.999    
  -11.61425       3531.001      -11.61870       3541.002      -11.62315    
   3551.002      -11.62757       3560.999      -11.63199       3571.001    
  -11.63640       3581.001      -11.64080       3591.000      -11.64518    
   3601.000      -11.64956       3611.001      -11.65392       3621.000    
  -11.65828       3631.001      -11.66263       3641.002      -11.66696    
   3646.002      -11.62254       3656.002      -11.62686       3666.003    
  -11.63118       3676.000      -11.63548       3686.001      -11.63978    
   3696.003      -11.64406       3706.001      -11.64834       3715.998    
  -11.65260       3726.000      -11.65685       3736.001      -11.66109    
   3746.001      -11.66532       3756.000      -11.66955       3766.000    
  -11.67376       3776.001      -11.67796       3786.000      -11.68215    
   3796.000      -11.68633       3806.001      -11.69050       3815.999    
  -11.69466       3826.003      -11.69881       3836.001      -11.70295    
   3846.003      -11.70709       3855.998      -11.71121       3866.000    
  -11.71532       3876.001      -11.71942       3886.002      -11.72351    
   3896.001      -11.72760       3906.002      -11.73167       3916.001    
  -11.73573       3926.000      -11.73979       3936.002      -11.74383    
   3946.000      -11.74787       3956.001      -11.75189       3966.000    
  -11.75591       3976.001      -11.75992       3986.000      -11.76392    
   3996.000      -11.76790       4006.000      -11.77188       4015.999    
  -11.77586       4026.001      -11.77982       4035.999      -11.78377    
   4046.000      -11.78771       4056.003      -11.79165       4066.002    
  -11.79558       4075.999      -11.79949       4086.002      -11.80340    
   4096.005      -11.80730       4106.001      -11.81119       4116.003    
  -11.81508       4126.005      -11.81895       4136.004      -11.82282    
   4146.002      -11.82667       4156.001      -11.83052       4166.002    
  -11.83436       4176.002      -11.83819       4186.002      -11.84201    
   4196.004      -11.84583       4206.004      -11.84964       4216.002    
  -11.85343       4226.001      -11.85722       4236.005      -11.86100    
   4246.002      -11.86478       4256.005      -11.86854       4266.005    
  -11.87230       4276.005      -11.87605       4286.002      -11.87979    
   4296.005      -11.88352       4306.004      -11.88725       4316.003    
  -11.89096       4326.004      -11.89467       4336.004      -11.89837    
   4346.002      -11.90206       4356.000      -11.90575       4366.003    
  -11.90943       4376.004      -11.91310       4386.002      -11.91676    
   4396.001      -11.92041       4406.004      -11.92406       4416.002    
  -11.92770       4426.004      -11.93133       4436.002      -11.93495    
   4446.003      -11.93857       4456.001      -11.94218       4466.003    
  -11.94578       4476.003      -11.94938       4486.002      -11.95296    
   4496.002      -11.95654       4506.005      -11.96011       4516.002    
  -11.96368       4526.002      -11.96723       4536.004      -11.97079    
   4546.003      -11.97433       4556.004      -11.97786       4566.005    
  -11.98139       4576.005      -11.98491       4586.004      -11.98843    
   4596.004      -11.99194       4606.004      -11.99544       4616.003    
  -11.99893       4626.003      -12.00241       4636.002      -12.00589    
   4646.005      -12.00937       4656.004      -12.01283       4666.003    
  -12.01629       4676.004      -12.01974       4686.003      -12.02319    
   4696.003      -12.02662       4706.006      -12.03006       4716.002    
  -12.03348       4726.006      -12.03690       4736.002      -12.04031    
   4746.005      -12.04371       4756.005      -12.04711       4766.002    
  -12.05050       4776.005      -12.05389       4786.002      -12.05726    
   4796.004      -12.06064       4806.004      -12.06400       4816.001    
  -12.06736       4826.002      -12.07071       4836.004      -12.07406    
   4846.004      -12.07740       4856.007      -12.08073       4866.006    
  -12.08406       4876.002      -12.08737       4886.005      -12.09069    
   4896.006      -12.09400       4906.004      -12.09730       4916.001    
  -12.10059       4926.002      -12.10388       4936.005      -12.10716    
   4946.006      -12.11044       4956.005      -12.11371       4966.003    
  -12.11697       4976.005      -12.12023       4986.005      -12.12348    
   4996.006      -12.12673       5006.002      -12.12997       5016.004    
  -12.13320       5026.002      -12.13643       5036.006      -12.13965    
   5046.004      -12.14287       5056.006      -12.14608       5066.005    
  -12.14928       5076.002      -12.15248       5086.002      -12.15567    
   5096.005      -12.15886       5106.002      -12.16204       5116.005    
  -12.16521       5126.005      -12.16838       5136.002      -12.17155    
   5146.004      -12.17470       5156.006      -12.17786       5166.002    
  -12.18100       5176.003      -12.18414       5186.003      -12.18728    
   5196.003      -12.19040       5206.005      -12.19353       5216.003    
  -12.19665       5226.006      -12.19976       5236.003      -12.20287    
   5246.004      -12.20597       5256.004      -12.20906       5266.006    
  -12.21215       5276.003      -12.21524       5286.005      -12.21832    
   5296.006      -12.22139       5306.005      -12.22446       5316.003    
  -12.22752       5326.005      -12.23058       5336.005      -12.23363    
   5346.003      -12.23668       5356.000      -12.23972       5366.001    
  -12.24276       5376.005      -12.24579       5386.002      -12.24881    
   5396.002      -12.25183       5406.003      -12.25485       5416.005    
  -12.25786       5426.004      -12.26087       5436.004      -12.26386    
   5446.005      -12.26686       5456.006      -12.26985       5466.007    
  -12.27283       5476.002      -12.27581       5486.001      -12.27879    
   5496.003      -12.28175       5506.002      -12.28472       5516.004    
  -12.28768       5526.003      -12.29063       5536.005      -12.29358    
   5546.001      -12.29652       5556.002      -12.29946       5566.003    
  -12.30240       5576.004      -12.30533       5586.005      -12.30825    
   5596.001      -12.31117       5606.007      -12.31409       5616.003    
  -12.31699       5626.004      -12.31990       5636.004      -12.32280    
   5646.004      -12.32569       5656.002      -12.32858       5666.006    
  -12.33147       5676.006      -12.33435       5686.002      -12.33722    
   5701.005      -12.34051       5711.007      -12.34338       5721.004    
  -12.34624       5731.004      -12.34910       5741.001      -12.35195    
   5751.001      -12.35480       5761.005      -12.35765       5771.008    
  -12.36049       5781.006      -12.36332       5791.002      -12.36615    
   5801.003      -12.36898       5811.001      -12.37180       5821.001    
  -12.37462       5831.003      -12.37743       5841.005      -12.38024    
   5851.005      -12.38304       5861.003      -12.38584       5871.006    
  -12.38863       5881.003      -12.39142       5891.007      -12.39421    
   5901.005      -12.39699       5911.008      -12.39976       5921.004    
  -12.40253       5931.001      -12.40530       5941.006      -12.40806    
   5951.001      -12.41082       5961.006      -12.41357       5971.005    
  -12.41632       5981.002      -12.41907       5991.005      -12.42181    
   6001.005      -12.42454       6011.005      -12.42727       6021.006    
  -12.43000       6031.006      -12.43273       6041.007      -12.43544    
   6051.004      -12.43816       6061.008      -12.44087       6071.001    
  -12.44357       6081.005      -12.44628       6091.005      -12.44897    
   6101.004      -12.45167       6111.004      -12.45436       6121.006    
  -12.45704       6131.001      -12.45972       6141.002      -12.46240    
   6151.002      -12.46507       6161.006      -12.46774       6171.002    
  -12.47040       6181.004      -12.47306       6191.001      -12.47572    
   6201.005      -12.47837       6211.001      -12.48102       6221.003    
  -12.48366       6231.001      -12.48630       6241.004      -12.48894    
   6251.006      -12.49157       6261.007      -12.49420       6271.004    
  -12.49682       6281.006      -12.49944       6291.003      -12.50206    
   6301.005      -12.50467       6311.003      -12.50728       6321.007    
  -12.50988       6331.005      -12.51248       6341.005      -12.51508    
   6351.000      -12.51767       6361.004      -12.52026       6371.003    
  -12.52284       6381.007      -12.52542       6391.005      -12.52800    
   6401.002      -12.53057       6411.003      -12.53314       6421.003    
  -12.53571       6431.004      -12.53827       6441.003      -12.54082    
   6451.004      -12.54338       6461.002      -12.54593       6471.005    
  -12.54848       6481.002      -12.55102       6491.004      -12.55356    
   6501.004      -12.55609       6511.004      -12.55862       6521.006    
  -12.56115       6531.005      -12.56368       6541.005      -12.56620    
   6551.006      -12.56871       6561.001      -12.57123       6571.004    
  -12.57374       6581.004      -12.57624       6591.004      -12.57874    
   6601.006      -12.58124       6611.004      -12.58374       6621.003    
  -12.58623       6631.003      -12.58872       6641.007      -12.59120    
   6651.003      -12.59368       6661.004      -12.59616       6671.006    
  -12.59863       6681.000      -12.60110       6691.006      -12.60357    
   6701.005      -12.60603       6711.003      -12.60849       6721.006    
  -12.61095       6731.005      -12.61340       6741.001      -12.61585    
   6751.007      -12.61830       6761.007      -12.62074       6771.010    
  -12.62318       6781.005      -12.62561       6791.004      -12.62804    
   6801.002      -12.63047       6811.005      -12.63290       6821.003    
  -12.63532       6831.001      -12.63774       6841.002      -12.64015    
   6851.007      -12.64256       6861.003      -12.64497       6871.007    
  -12.64738       6881.006      -12.64978       6891.001      -12.65218    
   6901.007      -12.65457       6911.005      -12.65696       6921.001    
  -12.65935       6931.001      -12.66174       6941.004      -12.66412    
   6951.006      -12.66650       6961.004      -12.66887       6971.000    
  -12.67124       6981.007      -12.67361       6991.009      -12.67598    
   7001.003      -12.67834       7011.003      -12.68070       7021.009    
  -12.68306       7031.003      -12.68541       7041.003      -12.68776    
   7051.006      -12.69011       7061.008      -12.69245       7071.008    
  -12.69479       7081.003      -12.69712       7091.004      -12.69946    
   7101.004      -12.70179       7111.007      -12.70412       7121.003    
  -12.70644       7131.007      -12.70876       7141.004      -12.71108    
   7151.004      -12.71340       7161.006      -12.71571       7171.006    
  -12.71802       7181.004      -12.72032       7191.001      -12.72263    
   7201.007      -12.72493       7211.008      -12.72722       7221.007    
  -12.72952       7231.007      -12.73181       7241.006      -12.73409    
   7251.002      -12.73638       7261.005      -12.73866       7271.001    
  -12.74094       7281.007      -12.74322       7291.006      -12.74549    
   7301.008      -12.74776       7311.003      -12.75002       7321.003    
  -12.75229       7331.006      -12.75455       7341.006      -12.75681    
   7351.003      -12.75906       7361.006      -12.76131       7371.002    
  -12.76356       7381.004      -12.76581       7391.007      -12.76805    
   7401.007      -12.77030       7411.001      -12.77253       7421.004    
  -12.77477       7431.004      -12.77700       7441.001      -12.77923    
   7451.008      -12.78145       7461.003      -12.78368       7471.008    
  -12.78590       7481.006      -12.78812       7491.005      -12.79033    
   7501.009      -12.79254       7511.010      -12.79475       7521.007    
  -12.79696       7531.006      -12.79916       7541.009      -12.80136    
   7551.005      -12.80356       7561.006      -12.80576       7571.008    
  -12.80795       7581.007      -12.81014       7591.006      -12.81233    
   7601.001      -12.81451       7611.006      -12.81669       7621.007    
  -12.81887       7631.004      -12.82105       7641.007      -12.82322    
   7651.009      -12.82539       7661.004      -12.82756       7671.007    
  -12.82972       7681.007      -12.83189       7691.003      -12.83405    
   7701.008      -12.83620       7711.009      -12.83836       7721.001    
  -12.84051       7731.007      -12.84266       7741.004      -12.84481    
   7751.005      -12.84695       7761.007      -12.84909       7771.005    
  -12.85123       7781.002      -12.85337       7791.004      -12.85550    
   7801.002      -12.85763       7811.000      -12.85976       7821.006    
  -12.86189       7831.008      -12.86401       7841.005      -12.86613    
   7851.011      -12.86825       7861.004      -12.87036       7871.005    
  -12.87247       7881.006      -12.87459       7891.002      -12.87669    
   7901.002      -12.87880       7911.006      -12.88090       7921.002    
  -12.88300       7931.005      -12.88510       7941.008      -12.88719    
   7951.006      -12.88929       7961.004      -12.89138       7971.001    
  -12.89346       7981.006      -12.89555       7991.006      -12.89763    
   8001.010      -12.89971       8011.005      -12.90179       8021.003    
  -12.90386       8031.009      -12.90594       8041.011      -12.90801    
   8051.006      -12.91008       8061.010      -12.91214       8071.000    
  -12.91420       8081.006      -12.91626       8091.008      -12.91832    
   8101.008      -12.92038       8111.002      -12.92243       8121.001    
  -12.92448       8131.007      -12.92653       8141.007      -12.92858    
   8151.007      -12.93062       8161.009      -12.93266       8171.011    
  -12.93470       8181.007      -12.93674       8191.006      -12.93877    
   8201.004      -12.94080    
