 mihalis model (october '85) 32500 k log g 4.5                                  
 Written in SPECTRUM 2 format                                                  
        43
  1.13903E+02 -1.28939E+01     1.33182E+02 -1.03493E+01     1.60317E+02 -7.84676E+00
  1.88194E+02 -6.04721E+00     2.27806E+02 -4.27753E+00     2.27806E+02 -3.53593E+00
  2.58442E+02 -3.49193E+00     3.14744E+02 -2.32271E+00     4.02406E+02 -1.11093E+00
  4.47497E+02 -6.98781E-01     5.03971E+02 -3.10812E-01     5.03971E+02  1.03559E+00
  5.77744E+02  1.06613E+00     6.76823E+02  1.14945E+00     7.40302E+02  1.20118E+00
  8.16920E+02  1.25204E+00     8.61497E+02  1.27469E+00     9.11228E+02  1.29475E+00
  9.11228E+02  2.45595E+00     9.71978E+02  2.38949E+00     1.02513E+03  2.33245E+00
  1.21496E+03  2.13727E+00     1.52576E+03  1.85103E+00     2.05027E+03  1.45358E+00
  2.05027E+03  1.45358E+00     2.62433E+03  1.09716E+00     3.64485E+03  6.07442E-01
  3.64485E+03  6.85442E-01     4.16563E+03  4.73440E-01     4.85979E+03  2.26364E-01
  5.69508E+03 -3.06004E-02     5.69508E+03 -3.06004E-02     6.56082E+03 -2.61916E-01
  8.20075E+03 -6.29308E-01     8.20075E+03 -6.14508E-01     1.04976E+04 -1.02818E+00
  1.45794E+04 -1.58188E+00     1.45794E+04 -1.57788E+00     1.87441E+04 -2.00493E+00
  2.27790E+04 -2.33707E+00     2.27790E+04 -2.33587E+00     4.52080E+04 -3.50923E+00
  3.03030E+06 -1.07166E+01
