  MIHALAS PLANE-PARALLEL NON-LTE   MODEL
      TEMPERATURE =  32500.0   LOG G =   3.3000
    45
   113.9000      -13.23832       133.1800      -10.77655       160.3100    
  -8.381197       160.3200      -8.368852       188.1900      -6.685670    
   227.8100      -5.063622       227.8200      -3.668060       258.4400    
  -2.798795       258.4500      0.8943714       314.7400      0.9856206    
   402.4100       1.295387       402.4200       1.312165       447.5000    
   1.491938       503.9700       1.704715       503.9800       1.796698    
   577.7400       1.839260       676.8200       1.880578       740.3000    
   1.899509       816.9200       1.913965       861.5000       1.918614    
   911.2200       1.920678       911.2300       2.206269       971.9800    
   2.160210       1025.130       2.119566       1214.960       1.974401    
   1525.760       1.744952       2050.270       1.394702       2050.280    
   1.400298       2624.300       1.069898       3644.700      0.5874009    
   3644.800      0.6437771       4165.600      0.4449693       4859.800    
  0.2090878       5695.100     -3.9478198E-02   5695.200     -3.9093498E-02
   6560.800     -0.2651891       8200.800     -0.6281881       8200.900    
 -0.6165986       10498.00      -1.023489       14579.00      -1.571931    
   14580.00      -1.569191       18744.00      -1.992600       22779.00    
  -2.323145       22780.00      -2.322383       45208.00      -3.490106    
