 mihalis model (october '85) 25000 k log g 4.0                                  
 Written in SPECTRUM 2 format                                                  
        38
  2.27806E+02 -7.96553E+00     2.58442E+02 -8.63673E+00     3.14744E+02 -6.66991E+00
  4.02406E+02 -4.86053E+00     4.47497E+02 -4.25478E+00     5.03971E+02 -3.68041E+00
  5.03971E+02 -2.16601E+00     5.77744E+02 -1.62827E+00     6.76823E+02 -1.11455E+00
  7.40302E+02 -8.75218E-01     8.16920E+02 -6.53159E-01     8.61497E+02 -5.50107E-01
  9.11228E+02 -4.53654E-01     9.11228E+02  2.18115E+00     1.11832E+03  1.97647E+00
  1.44724E+03  1.68852E+00     1.69676E+03  1.49916E+00     2.05027E+03  1.26638E+00
  2.05027E+03  1.26638E+00     2.62433E+03  9.51164E-01     3.64485E+03  5.15042E-01
  3.64485E+03  6.54242E-01     4.33915E+03  3.91191E-01     4.85979E+03  2.17564E-01
  5.69508E+03 -2.86004E-02     5.69508E+03 -2.86004E-02     6.56082E+03 -2.50716E-01
  8.20075E+03 -6.05708E-01     8.20075E+03 -5.80108E-01     1.00010E+04 -9.04487E-01
  1.28139E+04 -1.31297E+00     1.45794E+04 -1.52748E+00     1.45794E+04 -1.52068E+00
  1.87441E+04 -1.94173E+00     2.27790E+04 -2.27067E+00     2.27790E+04 -2.26867E+00
  4.05022E+04 -3.24776E+00     3.03030E+06 -1.06502E+01
