 mihalis model (october '85) 17500 k log g 3.5                                  
 Written in SPECTRUM 2 format                                                  
        38
  2.27806E+02 -1.32207E+01     2.58442E+02 -1.31775E+01     3.14744E+02 -1.05199E+01
  4.02406E+02 -7.98013E+00     4.47497E+02 -7.09958E+00     5.03971E+02 -6.24521E+00
  5.03971E+02 -5.09281E+00     5.77744E+02 -4.14067E+00     6.76823E+02 -3.26775E+00
  7.40302E+02 -2.87002E+00     8.16920E+02 -2.50356E+00     8.61497E+02 -2.33411E+00
  9.11228E+02 -2.17445E+00     9.11228E+02  1.58595E+00     1.11832E+03  1.46847E+00
  1.44724E+03  1.27452E+00     1.69676E+03  1.13596E+00     2.05027E+03  9.57577E-01
  2.05027E+03  9.57577E-01     2.62433E+03  7.11164E-01     3.64485E+03  3.62642E-01
  3.64485E+03  6.06642E-01     4.33915E+03  3.65591E-01     4.85979E+03  2.04364E-01
  5.69508E+03 -2.58003E-02     5.69508E+03 -2.58003E-02     6.56082E+03 -2.35116E-01
  8.20075E+03 -5.72508E-01     8.20075E+03 -5.28908E-01     1.00010E+04 -8.42487E-01
  1.28139E+04 -1.23977E+00     1.45794E+04 -1.44908E+00     1.45794E+04 -1.43748E+00
  1.87441E+04 -1.85133E+00     2.27790E+04 -2.17547E+00     2.27790E+04 -2.17147E+00
  4.05022E+04 -3.13976E+00     3.03030E+06 -1.05274E+01
