 mihalis model (october '85) 20000 k log g 3.5                                  
 Written in SPECTRUM 2 format                                                  
        38
  2.27806E+02 -1.10171E+01     2.58442E+02 -1.13319E+01     3.14744E+02 -8.98471E+00
  4.02406E+02 -6.75693E+00     4.47497E+02 -5.98838E+00     5.03971E+02 -5.24641E+00
  5.03971E+02 -4.04881E+00     5.77744E+02 -3.24027E+00     6.76823E+02 -2.49255E+00
  7.40302E+02 -2.15042E+00     8.16920E+02 -1.83516E+00     8.61497E+02 -1.68971E+00
  9.11228E+02 -1.55365E+00     9.11228E+02  1.80955E+00     1.11832E+03  1.66607E+00
  1.44724E+03  1.44332E+00     1.69676E+03  1.28756E+00     2.05027E+03  1.08998E+00
  2.05027E+03  1.08998E+00     2.62433E+03  8.16764E-01     3.64485E+03  4.31042E-01
  3.64485E+03  6.23842E-01     4.33915E+03  3.74791E-01     4.85979E+03  2.09164E-01
  5.69508E+03 -2.70003E-02     5.69508E+03 -2.70003E-02     6.56082E+03 -2.41116E-01
  8.20075E+03 -5.85308E-01     8.20075E+03 -5.50508E-01     1.00010E+04 -8.67687E-01
  1.28139E+04 -1.26937E+00     1.45794E+04 -1.48068E+00     1.45794E+04 -1.47108E+00
  1.87441E+04 -1.88773E+00     2.27790E+04 -2.21347E+00     2.27790E+04 -2.21067E+00
  4.05022E+04 -3.18296E+00     3.03030E+06 -1.05758E+01
