 mihalis model (october '85) 20000 k log g 4.0                                  
 Written in SPECTRUM 2 format                                                  
        38
  2.27806E+02 -1.12663E+01     2.58442E+02 -1.14179E+01     3.14744E+02 -9.02751E+00
  4.02406E+02 -6.76853E+00     4.47497E+02 -5.99118E+00     5.03971E+02 -5.24121E+00
  5.03971E+02 -4.09801E+00     5.77744E+02 -3.27187E+00     6.76823E+02 -2.50295E+00
  7.40302E+02 -2.14722E+00     8.16920E+02 -1.81716E+00     8.61497E+02 -1.66331E+00
  9.11228E+02 -1.51885E+00     9.11228E+02  1.85875E+00     1.11832E+03  1.68487E+00
  1.44724E+03  1.44052E+00     1.69676E+03  1.27876E+00     2.05027E+03  1.07758E+00
  2.05027E+03  1.07758E+00     2.62433E+03  8.03964E-01     3.64485E+03  4.20642E-01
  3.64485E+03  6.26642E-01     4.33915E+03  3.75991E-01     4.85979E+03  2.09564E-01
  5.69508E+03 -2.70003E-02     5.69508E+03 -2.70003E-02     6.56082E+03 -2.41516E-01
  8.20075E+03 -5.85308E-01     8.20075E+03 -5.48908E-01     1.00010E+04 -8.66887E-01
  1.28139E+04 -1.26857E+00     1.45794E+04 -1.47948E+00     1.45794E+04 -1.46988E+00
  1.87441E+04 -1.88693E+00     2.27790E+04 -2.21267E+00     2.27790E+04 -2.20947E+00
  4.05022E+04 -3.18136E+00     3.03030E+06 -1.05810E+01
