 C	NON-LTE SURFACE FLUXES FROM AUER-MIHALAS MODELS                              
  TEFF= 60000  LOG G= 6.5  Y=10%    NLTE LINES MODEL                            
 811
   117.0000      -16.32428       127.0000      -15.57206       137.0000    
  -14.94954       147.0000      -14.42967       157.0000      -13.99210    
   167.0000      -13.62124       177.0001      -13.30509       187.0001    
  -13.03424       197.0000      -12.80118       207.0000      -12.59983    
   217.0001      -12.42527       227.0000      -12.27344       233.0000    
  -8.715246       243.0000      -8.740795       253.0000      -8.766331    
   263.0000      -8.791721       273.0000      -8.816863       283.0001    
  -8.841672       293.0000      -8.866084       303.0000      -8.890052    
   313.0001      -8.913534       323.0000      -8.936505       333.0000    
  -8.958946       342.9999      -8.980849       353.0001      -9.002207    
   363.0001      -9.023020       373.0001      -9.043285       383.0002    
  -9.063008       393.0002      -9.082191       403.0002      -9.100842    
   413.0001      -9.118971       423.0000      -9.136604       433.0001    
  -9.153769       443.0001      -9.170492       452.9999      -9.186793    
   463.0002      -9.202698       473.0001      -9.218223       482.9999    
  -9.233386       493.0001      -9.248208       503.0002      -9.262702    
   511.0001      -9.272078       521.0002      -9.287317       531.0001    
  -9.302278       541.0002      -9.316974       550.9999      -9.331423    
   561.0000      -9.345638       571.0001      -9.359633       581.0000    
  -9.373420       591.0002      -9.387010       600.9999      -9.400412    
   611.0004      -9.413637       621.0002      -9.426696       630.9999    
  -9.439593       641.0001      -9.452341       651.0004      -9.464945    
   661.0002      -9.477411       671.0002      -9.489747       681.0003    
  -9.501959       690.9999      -9.514051       701.0002      -9.526030    
   711.0000      -9.537897       721.0002      -9.549658       730.9999    
  -9.561316       741.0004      -9.572874       750.9999      -9.584336    
   761.0004      -9.595708       771.0001      -9.606996       781.0005    
  -9.618204       790.9999      -9.629336       801.0002      -9.640400    
   811.0001      -9.651396       820.9999      -9.662331       831.0004    
  -9.673205       841.0002      -9.684017       851.0004      -9.694768    
   860.9998      -9.705452       871.0001      -9.716074       881.0004    
  -9.726629       891.0001      -9.737117       901.0005      -9.747540    
   911.0001      -9.757893       911.9999      -9.369870       922.0001    
  -9.384712       932.0000      -9.399434       942.0002      -9.414037    
   952.0001      -9.428520       961.9999      -9.442887       972.0002    
  -9.457140       981.9999      -9.471277       992.0001      -9.485303    
   1002.000      -9.499218       1012.000      -9.513021       1022.000    
  -9.526716       1032.000      -9.540304       1042.000      -9.553786    
   1052.000      -9.567164       1062.000      -9.580441       1072.000    
  -9.593615       1082.000      -9.606688       1092.000      -9.619665    
   1102.000      -9.632545       1112.000      -9.645329       1122.000    
  -9.658021       1132.000      -9.670619       1142.000      -9.683127    
   1152.000      -9.695546       1162.000      -9.707876       1172.000    
  -9.720119       1182.000      -9.732275       1192.000      -9.744348    
   1202.000      -9.756336       1212.000      -9.768243       1222.001    
  -9.780068       1232.000      -9.791813       1242.000      -9.803478    
   1252.000      -9.815066       1262.000      -9.826577       1272.000    
  -9.838012       1282.000      -9.849370       1292.000      -9.860656    
   1302.000      -9.871867       1312.000      -9.883007       1322.000    
  -9.894073       1332.000      -9.905071       1342.000      -9.915998    
   1352.000      -9.926855       1362.000      -9.937646       1372.000    
  -9.948367       1382.000      -9.959023       1392.000      -9.969614    
   1402.000      -9.980138       1412.000      -9.990598       1422.000    
  -10.00100       1432.000      -10.01133       1442.000      -10.02160    
   1452.001      -10.03181       1462.000      -10.04196       1472.000    
  -10.05205       1482.001      -10.06208       1492.001      -10.07205    
   1502.000      -10.08197       1512.000      -10.09182       1522.000    
  -10.10162       1532.000      -10.11137       1542.000      -10.12105    
   1552.000      -10.13068       1562.001      -10.14026       1572.000    
  -10.14979       1582.000      -10.15926       1592.000      -10.16868    
   1602.000      -10.17804       1612.000      -10.18736       1622.000    
  -10.19662       1632.000      -10.20583       1642.000      -10.21500    
   1652.000      -10.22411       1662.000      -10.23317       1672.000    
  -10.24219       1682.000      -10.25116       1692.000      -10.26008    
   1702.000      -10.26895       1712.000      -10.27777       1722.000    
  -10.28655       1732.001      -10.29529       1742.000      -10.30398    
   1752.001      -10.31262       1762.000      -10.32122       1772.001    
  -10.32978       1782.001      -10.33829       1792.000      -10.34676    
   1802.001      -10.35519       1812.000      -10.36357       1822.000    
  -10.37191       1832.001      -10.38021       1842.001      -10.38848    
   1852.000      -10.39669       1862.000      -10.40487       1872.000    
  -10.41301       1882.001      -10.42111       1892.001      -10.42917    
   1902.000      -10.43719       1912.001      -10.44517       1922.000    
  -10.45312       1932.000      -10.46102       1942.000      -10.46889    
   1952.000      -10.47672       1962.000      -10.48452       1972.000    
  -10.49227       1982.000      -10.49999       1992.000      -10.50768    
   2002.000      -10.51533       2012.000      -10.52294       2022.001    
  -10.53052       2032.000      -10.53807       2042.000      -10.54558    
   2051.000      -10.53645       2061.000      -10.54401       2071.001    
  -10.55154       2081.001      -10.55903       2091.000      -10.56649    
   2101.001      -10.57392       2111.001      -10.58132       2121.001    
  -10.58868       2131.000      -10.59601       2141.000      -10.60330    
   2151.001      -10.61057       2161.001      -10.61781       2171.000    
  -10.62501       2181.000      -10.63218       2191.000      -10.63932    
   2201.000      -10.64643       2211.000      -10.65352       2221.000    
  -10.66057       2231.000      -10.66759       2241.000      -10.67458    
   2251.001      -10.68155       2261.001      -10.68848       2271.001    
  -10.69539       2281.001      -10.70227       2291.000      -10.70912    
   2301.001      -10.71594       2311.000      -10.72274       2321.000    
  -10.72951       2331.000      -10.73625       2341.001      -10.74296    
   2351.001      -10.74965       2361.000      -10.75631       2371.000    
  -10.76294       2381.001      -10.76955       2391.000      -10.77613    
   2401.001      -10.78269       2411.001      -10.78922       2421.000    
  -10.79573       2431.001      -10.80221       2441.001      -10.80867    
   2451.001      -10.81510       2461.000      -10.82150       2471.000    
  -10.82789       2481.000      -10.83425       2491.000      -10.84058    
   2501.001      -10.84690       2511.000      -10.85318       2521.000    
  -10.85945       2531.002      -10.86569       2541.000      -10.87191    
   2551.001      -10.87811       2561.000      -10.88428       2571.000    
  -10.89043       2581.000      -10.89656       2591.001      -10.90267    
   2601.000      -10.90875       2611.000      -10.91481       2621.000    
  -10.92085       2631.001      -10.92687       2641.000      -10.93287    
   2651.001      -10.93885       2661.001      -10.94481       2671.000    
  -10.95074       2681.001      -10.95666       2691.000      -10.96255    
   2701.000      -10.96842       2711.000      -10.97428       2721.000    
  -10.98011       2731.000      -10.98593       2741.000      -10.99172    
   2751.000      -10.99749       2761.001      -11.00325       2771.001    
  -11.00898       2781.000      -11.01470       2791.001      -11.02040    
   2801.000      -11.02607       2811.000      -11.03173       2821.001    
  -11.03737       2831.000      -11.04299       2841.001      -11.04860    
   2851.000      -11.05418       2861.000      -11.05975       2871.001    
  -11.06530       2881.001      -11.07083       2891.002      -11.07634    
   2901.000      -11.08183       2911.001      -11.08731       2921.002    
  -11.09277       2931.001      -11.09821       2941.001      -11.10364    
   2951.002      -11.10905       2961.000      -11.11444       2971.001    
  -11.11981       2981.001      -11.12517       2990.999      -11.13051    
   3000.999      -11.13583       3011.001      -11.14114       3021.000    
  -11.14643       3031.002      -11.15170       3040.999      -11.15696    
   3051.000      -11.16220       3061.001      -11.16743       3071.000    
  -11.17264       3081.001      -11.17783       3091.001      -11.18301    
   3101.002      -11.18817       3111.001      -11.19332       3121.001    
  -11.19845       3131.001      -11.20357       3141.002      -11.20867    
   3151.001      -11.21376       3161.000      -11.21883       3170.999    
  -11.22388       3181.000      -11.22892       3191.000      -11.23395    
   3201.000      -11.23896       3211.001      -11.24396       3220.999    
  -11.24894       3231.002      -11.25391       3241.002      -11.25886    
   3251.000      -11.26380       3261.001      -11.26873       3270.999    
  -11.27364       3281.000      -11.27854       3290.999      -11.28342    
   3301.002      -11.28829       3311.000      -11.29315       3321.001    
  -11.29799       3331.000      -11.30282       3341.000      -11.30763    
   3351.000      -11.31243       3361.002      -11.31722       3371.001    
  -11.32200       3381.001      -11.32676       3391.002      -11.33151    
   3401.000      -11.33624       3411.000      -11.34097       3421.003    
  -11.34568       3431.000      -11.35037       3441.001      -11.35506    
   3451.000      -11.35973       3461.001      -11.36439       3471.000    
  -11.36903       3481.001      -11.37367       3491.000      -11.37829    
   3501.000      -11.38290       3511.000      -11.38750       3520.999    
  -11.39208       3531.001      -11.39665       3541.002      -11.40121    
   3551.002      -11.40576       3560.999      -11.41030       3571.001    
  -11.41482       3581.001      -11.41934       3591.000      -11.42384    
   3601.000      -11.42833       3611.001      -11.43280       3621.000    
  -11.43727       3631.001      -11.44172       3641.002      -11.44617    
   3646.002      -11.42536       3656.002      -11.42984       3666.003    
  -11.43431       3676.000      -11.43876       3686.001      -11.44320    
   3696.003      -11.44764       3706.001      -11.45205       3715.998    
  -11.45646       3726.000      -11.46086       3736.001      -11.46525    
   3746.001      -11.46962       3756.000      -11.47399       3766.000    
  -11.47834       3776.001      -11.48269       3786.000      -11.48702    
   3796.000      -11.49134       3806.001      -11.49565       3815.999    
  -11.49995       3826.003      -11.50424       3836.001      -11.50852    
   3846.003      -11.51279       3855.998      -11.51704       3866.000    
  -11.52129       3876.001      -11.52553       3886.002      -11.52976    
   3896.001      -11.53397       3906.002      -11.53818       3916.001    
  -11.54238       3926.000      -11.54656       3936.002      -11.55074    
   3946.000      -11.55490       3956.001      -11.55906       3966.000    
  -11.56321       3976.001      -11.56734       3986.000      -11.57147    
   3996.000      -11.57559       4006.000      -11.57969       4015.999    
  -11.58379       4026.001      -11.58788       4035.999      -11.59196    
   4046.000      -11.59602       4056.003      -11.60009       4066.002    
  -11.60413       4075.999      -11.60817       4086.002      -11.61220    
   4096.005      -11.61623       4106.001      -11.62024       4116.003    
  -11.62424       4126.005      -11.62823       4136.004      -11.63222    
   4146.002      -11.63619       4156.001      -11.64016       4166.002    
  -11.64412       4176.002      -11.64806       4186.002      -11.65200    
   4196.004      -11.65593       4206.004      -11.65985       4216.002    
  -11.66376       4226.001      -11.66767       4236.005      -11.67156    
   4246.002      -11.67545       4256.005      -11.67933       4266.005    
  -11.68320       4276.005      -11.68706       4286.002      -11.69091    
   4296.005      -11.69475       4306.004      -11.69858       4316.003    
  -11.70241       4326.004      -11.70623       4336.004      -11.71004    
   4346.002      -11.71383       4356.000      -11.71763       4366.003    
  -11.72141       4376.004      -11.72519       4386.002      -11.72895    
   4396.001      -11.73271       4406.004      -11.73646       4416.002    
  -11.74021       4426.004      -11.74394       4436.002      -11.74767    
   4446.003      -11.75139       4456.001      -11.75510       4466.003    
  -11.75880       4476.003      -11.76249       4486.002      -11.76618    
   4496.002      -11.76986       4506.005      -11.77353       4516.002    
  -11.77719       4526.002      -11.78085       4536.004      -11.78450    
   4546.003      -11.78814       4556.004      -11.79177       4566.005    
  -11.79539       4576.005      -11.79901       4586.004      -11.80262    
   4596.004      -11.80622       4606.004      -11.80982       4616.003    
  -11.81340       4626.003      -11.81698       4636.002      -11.82056    
   4646.005      -11.82412       4656.004      -11.82768       4666.003    
  -11.83123       4676.004      -11.83477       4686.003      -11.83831    
   4696.003      -11.84183       4706.006      -11.84536       4716.002    
  -11.84887       4726.006      -11.85238       4736.002      -11.85588    
   4746.005      -11.85937       4756.005      -11.86285       4766.002    
  -11.86633       4776.005      -11.86980       4786.002      -11.87327    
   4796.004      -11.87672       4806.004      -11.88017       4816.001    
  -11.88362       4826.002      -11.88705       4836.004      -11.89048    
   4846.004      -11.89391       4856.007      -11.89732       4866.006    
  -11.90073       4876.002      -11.90413       4886.005      -11.90753    
   4896.006      -11.91092       4906.004      -11.91430       4916.001    
  -11.91768       4926.002      -11.92105       4936.005      -11.92441    
   4946.006      -11.92776       4956.005      -11.93111       4966.003    
  -11.93446       4976.005      -11.93779       4986.005      -11.94112    
   4996.006      -11.94445       5006.002      -11.94776       5016.004    
  -11.95107       5026.002      -11.95438       5036.006      -11.95767    
   5046.004      -11.96097       5056.006      -11.96425       5066.005    
  -11.96753       5076.002      -11.97080       5086.002      -11.97407    
   5096.005      -11.97733       5106.002      -11.98058       5116.005    
  -11.98383       5126.005      -11.98707       5136.002      -11.99031    
   5146.004      -11.99354       5156.006      -11.99676       5166.002    
  -11.99998       5176.003      -12.00319       5186.003      -12.00639    
   5196.003      -12.00959       5206.005      -12.01278       5216.003    
  -12.01597       5226.006      -12.01915       5236.003      -12.02233    
   5246.004      -12.02550       5256.004      -12.02866       5266.006    
  -12.03182       5276.003      -12.03497       5286.005      -12.03812    
   5296.006      -12.04126       5306.005      -12.04439       5316.003    
  -12.04752       5326.005      -12.05064       5336.005      -12.05376    
   5346.003      -12.05687       5356.000      -12.05998       5366.001    
  -12.06308       5376.005      -12.06617       5386.002      -12.06926    
   5396.002      -12.07234       5406.003      -12.07542       5416.005    
  -12.07850       5426.004      -12.08156       5436.004      -12.08462    
   5446.005      -12.08768       5456.006      -12.09073       5466.007    
  -12.09378       5476.002      -12.09681       5486.001      -12.09985    
   5496.003      -12.10288       5506.002      -12.10590       5516.004    
  -12.10892       5526.003      -12.11193       5536.005      -12.11494    
   5546.001      -12.11794       5556.002      -12.12094       5566.003    
  -12.12393       5576.004      -12.12691       5586.005      -12.12990    
   5596.001      -12.13287       5606.007      -12.13584       5616.003    
  -12.13881       5626.004      -12.14177       5636.004      -12.14472    
   5646.004      -12.14767       5656.002      -12.15062       5666.006    
  -12.15356       5676.006      -12.15649       5686.002      -12.15942    
   5701.005      -12.16238       5711.007      -12.16530       5721.004    
  -12.16822       5731.004      -12.17114       5741.001      -12.17405    
   5751.001      -12.17695       5761.005      -12.17985       5771.008    
  -12.18275       5781.006      -12.18564       5791.002      -12.18852    
   5801.003      -12.19140       5811.001      -12.19428       5821.001    
  -12.19715       5831.003      -12.20002       5841.005      -12.20288    
   5851.005      -12.20574       5861.003      -12.20859       5871.006    
  -12.21144       5881.003      -12.21428       5891.007      -12.21712    
   5901.005      -12.21995       5911.008      -12.22278       5921.004    
  -12.22560       5931.001      -12.22842       5941.006      -12.23123    
   5951.001      -12.23404       5961.006      -12.23685       5971.005    
  -12.23965       5981.002      -12.24244       5991.005      -12.24524    
   6001.005      -12.24802       6011.005      -12.25080       6021.006    
  -12.25358       6031.006      -12.25636       6041.007      -12.25912    
   6051.004      -12.26189       6061.008      -12.26465       6071.001    
  -12.26740       6081.005      -12.27015       6091.005      -12.27290    
   6101.004      -12.27564       6111.004      -12.27838       6121.006    
  -12.28111       6131.001      -12.28384       6141.002      -12.28657    
   6151.002      -12.28929       6161.006      -12.29200       6171.002    
  -12.29471       6181.004      -12.29742       6191.001      -12.30012    
   6201.005      -12.30282       6211.001      -12.30552       6221.003    
  -12.30821       6231.001      -12.31089       6241.004      -12.31357    
   6251.006      -12.31625       6261.007      -12.31893       6271.004    
  -12.32160       6281.006      -12.32426       6291.003      -12.32692    
   6301.005      -12.32958       6311.003      -12.33223       6321.007    
  -12.33488       6331.005      -12.33752       6341.005      -12.34016    
   6351.000      -12.34280       6361.004      -12.34543       6371.003    
  -12.34806       6381.007      -12.35069       6391.005      -12.35331    
   6401.002      -12.35592       6411.003      -12.35853       6421.003    
  -12.36114       6431.004      -12.36375       6441.003      -12.36635    
   6451.004      -12.36894       6461.002      -12.37153       6471.005    
  -12.37412       6481.002      -12.37671       6491.004      -12.37929    
   6501.004      -12.38186       6511.004      -12.38444       6521.006    
  -12.38701       6531.005      -12.38957       6541.005      -12.39213    
   6551.006      -12.39469       6561.001      -12.39724       6571.004    
  -12.39979       6581.004      -12.40234       6591.004      -12.40488    
   6601.006      -12.40742       6611.004      -12.40996       6621.003    
  -12.41249       6631.003      -12.41501       6641.007      -12.41754    
   6651.003      -12.42006       6661.004      -12.42257       6671.006    
  -12.42509       6681.000      -12.42759       6691.006      -12.43010    
   6701.005      -12.43260       6711.003      -12.43510       6721.006    
  -12.43759       6731.005      -12.44008       6741.001      -12.44257    
   6751.007      -12.44505       6761.007      -12.44753       6771.010    
  -12.45001       6781.005      -12.45248       6791.004      -12.45495    
   6801.002      -12.45742       6811.005      -12.45988       6821.003    
  -12.46234       6831.001      -12.46479       6841.002      -12.46724    
   6851.007      -12.46969       6861.003      -12.47213       6871.007    
  -12.47458       6881.006      -12.47701       6891.001      -12.47945    
   6901.007      -12.48188       6911.005      -12.48430       6921.001    
  -12.48673       6931.001      -12.48915       6941.004      -12.49156    
   6951.006      -12.49398       6961.004      -12.49639       6971.000    
  -12.49879       6981.007      -12.50120       6991.009      -12.50360    
   7001.003      -12.50599       7011.003      -12.50839       7021.009    
  -12.51078       7031.003      -12.51316       7041.003      -12.51555    
   7051.006      -12.51793       7061.008      -12.52030       7071.008    
  -12.52268       7081.003      -12.52505       7091.004      -12.52741    
   7101.004      -12.52978       7111.007      -12.53214       7121.003    
  -12.53449       7131.007      -12.53685       7141.004      -12.53920    
   7151.004      -12.54154       7161.006      -12.54389       7171.006    
  -12.54623       7181.004      -12.54857       7191.001      -12.55090    
   7201.007      -12.55323       7211.008      -12.55556       7221.007    
  -12.55789       7231.007      -12.56021       7241.006      -12.56253    
   7251.002      -12.56484       7261.005      -12.56715       7271.001    
  -12.56946       7281.007      -12.57177       7291.006      -12.57407    
   7301.008      -12.57637       7311.003      -12.57867       7321.003    
  -12.58096       7331.006      -12.58325       7341.006      -12.58554    
   7351.003      -12.58783       7361.006      -12.59011       7371.002    
  -12.59239       7381.004      -12.59466       7391.007      -12.59694    
   7401.007      -12.59921       7411.001      -12.60147       7421.004    
  -12.60373       7431.004      -12.60600       7441.001      -12.60825    
   7451.008      -12.61051       7461.003      -12.61276       7471.008    
  -12.61501       7481.006      -12.61725       7491.005      -12.61950    
   7501.009      -12.62174       7511.010      -12.62397       7521.007    
  -12.62621       7531.006      -12.62844       7541.009      -12.63067    
   7551.005      -12.63289       7561.006      -12.63512       7571.008    
  -12.63734       7581.007      -12.63955       7591.006      -12.64177    
   7601.001      -12.64398       7611.006      -12.64619       7621.007    
  -12.64839       7631.004      -12.65059       7641.007      -12.65279    
   7651.009      -12.65499       7661.004      -12.65718       7671.007    
  -12.65938       7681.007      -12.66157       7691.003      -12.66375    
   7701.008      -12.66593       7711.009      -12.66811       7721.001    
  -12.67029       7731.007      -12.67247       7741.004      -12.67464    
   7751.005      -12.67681       7761.007      -12.67897       7771.005    
  -12.68114       7781.002      -12.68330       7791.004      -12.68546    
   7801.002      -12.68761       7811.000      -12.68976       7821.006    
  -12.69192       7831.008      -12.69406       7841.005      -12.69621    
   7851.011      -12.69835       7861.004      -12.70049       7871.005    
  -12.70263       7881.006      -12.70476       7891.002      -12.70689    
   7901.002      -12.70902       7911.006      -12.71115       7921.002    
  -12.71327       7931.005      -12.71539       7941.008      -12.71751    
   7951.006      -12.71963       7961.004      -12.72174       7971.001    
  -12.72385       7981.006      -12.72596       7991.006      -12.72806    
   8001.010      -12.73017       8011.005      -12.73227       8021.003    
  -12.73436       8031.009      -12.73646       8041.011      -12.73855    
   8051.006      -12.74064       8061.010      -12.74273       8071.000    
  -12.74481       8081.006      -12.74690       8091.008      -12.74898    
   8101.008      -12.75105       8111.002      -12.75313       8121.001    
  -12.75520       8131.007      -12.75727       8141.007      -12.75934    
   8151.007      -12.76140       8161.009      -12.76347       8171.011    
  -12.76553       8181.007      -12.76758       8191.006      -12.76964    
   8201.004      -12.77169    
