 mihalis model (october '85) 35000 k log g 3.5                                  
 Written in SPECTRUM 2 format                                                  
        43
  1.13903E+02 -1.08271E+01     1.33182E+02 -8.67729E+00     1.60317E+02 -6.58436E+00
  1.88194E+02 -5.11121E+00     2.27806E+02 -3.69713E+00     2.27806E+02  1.26207E+00
  2.58442E+02  1.36407E+00     3.14744E+02  1.48489E+00     4.02406E+02  1.67987E+00
  4.47497E+02  1.80642E+00     5.03971E+02  1.96439E+00     5.03971E+02  2.00199E+00
  5.77744E+02  2.02533E+00     6.76823E+02  2.04305E+00     7.40302E+02  2.04838E+00
  8.16920E+02  2.04804E+00     8.61497E+02  2.04509E+00     9.11228E+02  2.04195E+00
  9.11228E+02  2.29315E+00     9.71978E+02  2.24189E+00     1.02513E+03  2.19725E+00
  1.21496E+03  2.04007E+00     1.52576E+03  1.79663E+00     2.05027E+03  1.44598E+00
  2.05027E+03  1.44598E+00     2.62433E+03  1.11036E+00     3.64485E+03  6.31042E-01
  3.64485E+03  6.63442E-01     4.16563E+03  4.60640E-01     4.85979E+03  2.21164E-01
  5.69508E+03 -2.94004E-02     5.69508E+03 -2.94004E-02     6.56082E+03 -2.57516E-01
  8.20075E+03 -6.22508E-01     8.20075E+03 -6.12108E-01     1.04976E+04 -1.02138E+00
  1.45794E+04 -1.57228E+00     1.45794E+04 -1.56948E+00     1.87441E+04 -1.99413E+00
  2.27790E+04 -2.32507E+00     2.27790E+04 -2.32427E+00     4.52080E+04 -3.49283E+00
  3.03030E+06 -1.07070E+01
