  MIHALAS PLANE-PARALLEL NON-LTE   MODEL
      TEMPERATURE =  50000.0   LOG G =   8.0000
    43
   113.9000      -5.895644       133.1800      -4.402113       160.3100    
  -3.036597       188.1900      -2.139709       227.8100      -1.332661    
   227.8200       2.686021       258.4400       2.737645       314.7400    
   2.779301       402.4100       2.769027       447.5000       2.745178    
   503.9700       2.706115       503.9800       2.705658       577.7400    
   2.645260       676.8200       2.558418       740.3000       2.502029    
   816.9200       2.434446       861.5000       2.395534       911.2200    
   2.352638       911.2300       2.499989       971.9800       2.434810    
   1025.130       2.378967       1214.960       2.188961       1525.760    
   1.907832       2050.270       1.504302       2050.280       1.513738    
   2624.300       1.151858       3644.700      0.6402010       3644.800    
  0.6734970       4165.600      0.4632494       4859.800      0.2165278    
   5695.100     -4.1238226E-02   5695.200     -3.9013512E-02   6560.800    
 -0.2713091       8200.800     -0.6419480       8200.900     -0.6348786    
   10498.00      -1.048009       14579.00      -1.602011       14580.00    
  -1.600991       18744.00      -2.027280       22779.00      -2.358985    
   22780.00      -2.358823       45208.00      -3.527426       3030303.    
  -10.74517    
