  MIHALAS PLANE-PARALLEL NON-LTE   MODEL
      TEMPERATURE =  22500.0   LOG G =   3.0000
    45
   113.9000      -26.62352       133.1800      -26.75935       160.3100    
  -26.92040       160.3200      -26.92045       188.1900      -27.05967    
   227.8100      -11.48522       258.4400      -9.911595       258.4500    
  -9.883629       314.7400      -7.847181       402.4000      -5.883392    
   402.4100      -5.749814       447.5000      -5.084462       503.9700    
  -4.441286       503.9800      -2.964102       577.7400      -2.326741    
   676.8200      -1.725422       740.3000      -1.449291       816.9200    
  -1.197235       861.5000      -1.082586       911.2200     -0.9761221    
   911.2300       1.908268       1118.320       1.780792       1447.240    
   1.567243       1696.760       1.409884       2050.270       1.202703    
   2050.280       1.202698       2624.300      0.9082975       3644.700    
  0.4886010       3644.800      0.6217771       4339.100      0.3703252    
   4859.800      0.2022878       5695.100     -3.7878219E-02   5695.200    
 -3.7893500E-02   6560.800     -0.2567891       8200.800     -0.6081880    
   8200.900     -0.5801986       10001.00     -0.9009624       12814.00    
  -1.307045       14579.00      -1.520731       14580.00      -1.512791    
   18744.00      -1.933000       22779.00      -2.261545       22780.00    
  -2.258783       40502.00      -3.237828       3030303.      -10.62785    
