2013-03-13T19:43:30 2013-03-14T04:13:30 10 248.96378765895625 -733.48245592870262 402.924204451347634 938.827292634953096 -1668.36107355055333 1139.86229221434132 -390.31202798176156 66.3889338782436482 -4.94513933443338338 0.152989752339663304 0.0639383780862830403 0.1 3
2013-03-14T00:03:30 2013-03-14T23:53:30 10 1420.27354487797834 -6617.45132345249294 12894.102530801938 -13565.1209053402526 8273.09305113286791 -2894.85694151559073 523.916528482763624 -32.310571313787591 -1.6541531962990963 0.0885754532000086608 0.085730896741307655 0.1 3
2013-03-14T22:43:30 2013-03-15T04:23:30 6 6.32087204752025045 -20.702049512365388 24.7134677824098752 -13.144332063267024 2.92064257134095051 -0.0314116201259279498 0.113401628120985726 0.1 3
2013-03-15T03:13:30 2013-03-15T08:33:30 10 9081.95445655577532 -46679.1339524219729 101560.278002016479 -121606.042856307467 87219.3491279988375 -38218.9745190779431 10002.5372106923642 -1461.08399828833785 103.761443601089198 -2.73110800939482434 0.231736934568417846 0.1 3
2013-03-15T06:13:30 2013-03-15T14:53:30 6 -28.2783909439096171 94.4128211309701157 -120.876861048742157 73.86226157193029 -21.253556290700093 2.1550043096158098 0.177359044956768769 0.1 3
2013-03-15T13:03:30 2013-03-15T20:33:30 11 -52477.4818103291109 298844.519195074739 -734447.153610878158 1018918.75344774825 -876208.291710676509 482724.489381968102 -170109.522511225165 37167.3304255408366 -4712.3443303515196 307.390051086787878 -7.65216348384593381 0.147963354537218345 0.1 3
2013-03-15T18:33:30 2013-03-16T02:53:30 7 157.117943352690958 -552.391017345145656 765.773970342973485 -529.782481559070334 190.794563229267936 -34.0141291335624274 2.58836750876482258 0.153845645256073776 0.1 3
2013-03-16T00:43:30 2013-03-16T13:33:30 7 52.7048661036657009 -122.576508715389451 80.7484355582111704 5.81914353577453181 -25.1735623238802688 9.90221897395942108 -1.2034786463767102 0.243822881838268113 0.1 3
2013-03-16T10:03:30 2013-03-17T11:33:30 14 3152652.26696304884 -22636932.2001409344 72363910.3949008435 -135686556.658007115 165481084.054158568 -137560120.868303418 79407989.9106931537 -31823542.5882045627 8706372.71924465708 -1570021.61375798332 176056.132166466123 -11264.2356584333156 380.965186544560538 -8.55373980807259571 0.602821224425985736 0.1 3
2013-03-28T19:03:30 2013-03-29T06:03:30 15 -1296065.75808105548 9165490.13284409232 -28821694.7020373866 53066556.9855759591 -63381316.0149923265 51387734.746242851 -28747113.9811139479 11048745.0352819115 -2848202.78398620524 468771.220634280297 -44928.2056039067174 2022.97797172310788 5.49477654837964202 -5.33740431019573069 0.175671092000957818 0.0584382436865140201 0.1 3
2013-03-29T04:13:30 2013-03-29T20:13:30 8 43.107696927238571 -166.080575626559664 257.598453544972585 -206.649954881888107 92.4373523032886197 -23.532843347323702 3.35067463370151097 -0.217763925213119908 0.045723415213756835 0.1 3
2013-03-29T19:13:30 2013-03-30T12:23:30 9 441.305242423137315 -2312.99261289248943 4868.26346650385949 -5258.76600397241509 3061.18375627525802 -899.658426078662046 97.1168841347992924 3.69039536229354415 -0.162949820221985842 0.0504076963201590539 0.1 3
2013-03-30T11:53:30 2013-03-30T19:53:30 9 -975.9046651825048 4308.08231890275965 -7855.12910995289803 7652.37173075141072 -4308.47069828538952 1418.87559999636437 -264.515181357140648 26.0592627704307027 -1.1962658928581078 0.0563230679477523394 0.1 3
2013-03-30T19:23:30 2013-03-31T05:43:30 11 73790.3366101735301 -398396.659600826155 918834.278524754918 -1179693.5203592272 920632.405663011945 -447400.000155669986 133299.462008236442 -23103.6974452501308 2135.31360819150495 -102.449816202873336 4.46645172931427759 0.157689308940625272 0.5 3
2013-03-31T04:13:30 2013-03-31T11:33:30 14 30094.978245226077 -580302.180805690587 3021568.98587097041 -7824175.21974754706 12091388.7377647609 -12060882.5642927978 8048654.47182140034 -3645851.41971260123 1126914.26508251508 -239581.270382892311 35590.6886860065497 -3630.58431884485572 215.072210860845644 -3.9503793869472692 0.0535969885378267258 0.5 3
2013-03-31T10:03:30 2013-04-01T08:23:30 10 -1796.83099975157779 9341.79807806912504 -20693.7547670368367 25458.9891306675599 -19013.6315998655155 8856.27460053987852 -2549.66853691730466 436.051716947016928 -40.876607366338213 1.67138001578194095 0.0590042656736986873 0.1 1.5
2013-04-01T05:13:30 2013-04-02T02:43:30 11 4943.75561635588383 -26322.6806980676156 59833.7019648875139 -75866.7399061320612 58872.2395346581543 -28889.2519750296997 8953.92953536470122 -1700.15226154308425 185.148574892805726 -10.2150033071532782 0.292222659473769575 0.0727198253314850912 0.1 1
2013-04-02T01:53:30 2013-04-02T12:13:30 7 13.3919945379164815 -37.8197042079885719 30.9450491283516094 2.95357492170081892 -15.1780076987478569 6.5957505940040333 -0.907531096453815911 0.148438926615597211 0.1 1.5
2013-04-02T09:53:30 2013-04-02T20:03:30 8 -57.9166073572005402 263.665127386758172 -477.800114124021604 439.768241949919684 -217.0308977806813 55.8196231290975575 -6.87257542607963501 0.382277879334863624 0.114901382586906631 0.1 1.5
2013-04-02T17:23:30 2013-04-03T01:13:30 11 7313.70465205456549 -42835.6282063264662 108775.354181837945 -156822.790570142155 141176.34177302444 -82218.6032474058302 31041.0453950634474 -7403.34448800197788 1049.65983252857836 -77.8736247693247918 2.12701832203548946 0.139707625353363368 0.1 1.5
2013-04-02T23:53:30 2013-04-03T12:03:30 9 211.226701536565258 -905.156182730109776 1623.65890516162358 -1576.32106666878394 889.071878543086086 -287.90223327502548 48.8010372619742867 -3.41986507501141723 0.0520887703202823002 0.132457571261100915 0.1 1.5
2013-04-03T10:23:30 2013-04-04T00:13:30 12 -25266.6134781853289 155649.703144911095 -419194.087833627767 647554.989575404325 -632520.047009708825 405923.392006874376 -172125.982945746218 47215.2261311797847 -7944.87241383552919 738.039697078865856 -29.8597636381139075 0.0979731811482085907 0.149469716290527715 0.1 1.5
2013-04-03T23:13:30 2013-04-04T16:03:30 13 -51385.6093054028825 331526.226414431585 -942611.854482282535 1553331.1239010042 -1641572.21465837001 1162833.67935258057 -560744.502979937242 183359.613987265853 -39824.0198790032082 5528.21596616452734 -460.925715309662451 20.7177519927459315 -0.490896539891338413 0.137564467712827654 0.1 1.5
2013-04-04T14:43:30 2013-04-05T02:13:30 9 176.928645289721658 -815.820797471835704 1587.41343274318933 -1688.94074519995365 1062.35118110854705 -397.087683644218714 83.293144710470898 -8.35931430400816033 0.224780195582955755 0.108594849873948907 0.1 1.5
2013-04-05T00:23:30 2013-04-05T09:23:30 10 1018.51378619258844 -4833.70597364052355 9616.61187513712139 -10435.1124160022446 6757.73225199612807 -2710.34294325755354 687.891597906762399 -112.019444429879343 10.795475948335751 -0.369418140845445442 0.079663252389341882 0.1 1.5
2013-04-05T06:33:30 2013-04-05T16:23:30 8 -92.0245358296413514 355.258525051107142 -545.942508928378061 422.713927377064067 -170.775376568620743 32.7780075786783982 -1.8695609213990303 -0.127158204512286627 0.0773796975280112015 0.1 1.5
2013-04-05T16:03:30 2013-04-05T22:33:30 5 1.36286873828943866 -3.40506112779587733 3.11695025149878324 -1.12930479815712714 0.139897786001684427 0.0857924375565771447 0.1 1
2013-04-07T06:53:30 2013-04-07T19:53:30 5 -1.65487294602112289 4.04738927103536206 -3.42051022801492177 1.16954420056659547 -0.158988702746364174 0.078075507914040318 0.1 3
2013-04-12T12:11:30 2013-04-14T11:51:30 13 -478907.18355592154 3176005.3658916452 -9296366.99467702582 15797846.1371733248 -17246301.0379679278 12637624.3939709608 -6305946.6398544535 2128167.24572236137 -472658.660199374252 65520.1103118670289 -5182.93225588129826 203.543301607924434 -3.10349064806820119 0.0714199525574663457 0.1 1.5
2013-04-13T00:01:30 2013-04-13T23:51:30 6 -14.4714625398818271 26.8965153051429944 -8.82004648916309009 -9.19955647667422483 6.91139801654061703 -1.27180091258997496 0.174406697869023242 0.1 1.5
2013-04-22T00:01:30 2013-04-22T10:41:30 3 0.0311334364940902136 -0.0565249704286641397 0.00678320492803446366 0.0780108763617242268 0.1 1.5
2013-04-22T11:11:30 2013-04-22T22:41:30 4 0.1805424247368764 -0.260711959854162956 0.101506740240383142 0.0072366530406471662 0.0521932567878278381 0.1 1.5
2013-04-25T13:12:30 2013-04-26T23:52:30 6 22.753476568402931 -66.2348525847779399 72.152449711644266 -35.4763298742557183 7.36057341033134005 -0.508169515005968297 0.154707552269587434 0.1 1.5
2013-05-01T00:02:30 2013-05-01T23:12:30 10 -2329.51280757739687 11870.124539327031 -25747.9903702660631 30951.2457225342041 -22474.9770487979004 10070.5690286875324 -2725.06892916467586 415.183856724333054 -30.266972352388823 0.613730815690924913 0.201868028378712344 0.1 3
