2015-11-15T04:39:42 2015-11-15T04:54:26 1 6.73143403392644066e-05 0.0729401573407308934 0.1 1 0 0
2017-02-23T10:44:07 2017-02-23T19:26:51 3 -0.00568481237666986893 0.0173580645439394068 -0.0122830917575566505 0.0308866323601708695 0.0004 3 0.00040238 0.000409102
2017-03-29T04:01:03 2017-03-29T07:25:02 5 -0.372452603168456242 1.00528191494829633 -0.957693213187701731 0.380255385805362611 -0.0562047748348369069 0.0624339338802916352 0.002 3 0.00151828 0.000439556
2017-03-29T07:26:36 2017-03-29T08:43:13 1 0.00558145744738100611 0.0573432735992910961 0.0005 3 0.00130976 0.00025295
2017-03-29T08:44:15 2017-03-29T08:47:55 0 0.0598796153846153784 0.002 3 5.20192e-05 5.20192e-05
2017-03-29T08:48:57 2017-03-29T08:54:13 0 0.0609474658095527783 0.002 3 9.05809e-05 9.05809e-05
2017-03-29T08:55:16 2017-03-29T09:10:17 0 0.0639138906473643575 0.002 3 0.00015711 0.00015711
2017-03-29T09:12:23 2017-03-29T09:28:29 0 0.0577710577221691376 0.002 3 0.000286256 0.000286256
2017-03-29T09:31:37 2017-03-29T09:34:46 0 0.0623017848611016334 0.002 3 0.000126885 0.000126885
2017-03-29T09:35:17 2017-03-29T09:43:04 1 -0.000333542342059704603 0.0593262944840315803 0.002 3 0.000352916 0.000352916
2017-03-29T09:44:07 2017-03-29T10:29:05 1 0.00332454674235073931 0.0629960108024337218 0.0005 3 0.00246983 0.000170342
2017-03-29T10:30:08 2017-03-29T10:38:57 1 0.00110392134369126198 0.0617924048929481204 0.002 3 0.00010072 0.00010072
2017-03-29T10:39:59 2017-03-29T13:10:13 2 -0.00814417273559469093 0.00919660592067867745 0.0650618914267906134 0.002 3 0.00021648 0.00021648
2017-03-29T13:11:45 2017-03-29T15:55:28 3 -0.0138454431471286277 0.0235201424054556144 -0.0099871127628436817 0.0642052842325942508 0.002 3 0.000324938 0.000324938
2017-03-29T16:00:09 2017-03-29T16:49:58 1 -0.00134611189671563023 0.0625209291123021149 0.002 3 0.000120848 0.000120848
2017-03-29T16:51:32 2017-03-29T16:56:13 0 0.0637338803418803501 0.002 3 8.68528e-05 8.68528e-05
2017-03-29T16:57:14 2017-03-29T18:04:12 1 -0.00369178368268701816 0.061432758260492118 0.002 3 0.000240148 0.000240148
2017-03-29T18:06:47 2017-03-29T18:55:06 1 -0.00165429765257886171 0.0647267675037046658 0.002 3 0.000270224 0.000270224
2017-03-29T18:59:15 2017-03-29T19:22:39 1 -0.000965541447632664216 0.0615865543056724404 0.002 3 0.000178796 0.000178796
2017-03-29T19:24:13 2017-03-29T19:45:32 3 0.00559117057905968856 -0.00191798023093986024 -0.00153207412486674739 0.0634686293437611987 0.002 3 0.00135928 0.000270041
2017-10-07T04:24:14 2017-10-07T09:37:06 6 -1.71525122870363322 5.09108396232098048 -5.85865002746829866 3.27814562398314768 -0.807491377793952081 -0.0280592446951134812 0.128148264936749634 0.1 1 0.00132934 0.00122876
2017-10-07T09:36:04 2017-10-07T14:02:42 6 0.521248210464398953 -1.72299554566363144 2.09514646812902106 -1.10236023625886248 0.23348344160537074 -0.0420010966908551386 0.0862429739047250454 0.1 1 0.00107583 0.000746721
2017-10-07T14:02:12 2017-10-07T16:27:27 6 0.326229287253523126 -0.911730276877268819 0.859668209566028962 -0.248185864606770362 -0.0513953637340456362 0.0224274926410229745 0.0713809172240343209 0.1 1 0.000421221 0.000364328
