!$Name$$$bin?$$$$$RA$$$$$$Declination$$Period (s)$pdot$$$$$$$Dist (Kpc)$$$Age (yr)$
! note that if column labels are required, their specification must occur on
! the first line of the file.
!
!  ** TEST.DAT **
! an example data file for PONGO
0011+47  20    2.9160       47.498     1.2407      0.56100E-15   1.1000      0.35040E+08 
0021-72A  9    5.4708      -72.358     .44790E-02  0.00000E+00   2.5000      0.00000E+00 
0021-72B  9    5.4708      -72.358     .61270E-02  0.00000E+00   2.5000      0.00000E+00 
0031-07  20    7.9020      -7.6425     .94295      0.40830E-15  0.39000      0.36591E+08 
0037+56  20    9.4210       56.999     1.1182      0.28790E-14   3.4000      0.61539E+07 
0042-73  20    10.625      -73.500     .92650      0.00000E+00   3.8000      0.00000E+00 
0045+33  20    11.462       33.930     1.2171      0.23540E-14   1.6000      0.81919E+07 
0052+51  20    13.217       51.020     2.1152      0.95410E-14   1.5000      0.35125E+07 
0053+47  20    13.389       47.667     .47204      0.35670E-14  0.58000      0.20967E+07 
0059+65  20    14.836       65.352     1.6792      0.59470E-14   2.1000      0.44736E+07 
0105+65  20    16.271       65.876     1.2837      0.13169E-13  0.85000      0.15444E+07 
0105+68  20    16.274       68.831     1.0711      0.49000E-16   2.1000      0.34634E+09 
0114+58  20    18.619       58.981     .10144      0.58448E-14   1.5000      0.27498E+06 
0136+57   3    24.007       57.989     .27245      0.10687E-13   2.5000      0.40393E+06 
0138+59  20    24.572       59.906     1.2229      0.39040E-15   3.0000      0.49632E+08 
0144+59  20    26.087       59.118     .19632      0.25694E-15   1.1000      0.12106E+08 
0148-06   3    27.219      -6.8303     1.4647      0.44500E-15  0.97000      0.52149E+08 
0149-16  20    27.443      -16.878     .83274      0.13000E-14  0.44000      0.10149E+08 
0153+39  20    28.476       39.581     1.8116      0.18000E-15  0.00000E+00  0.15946E+09 
0154+61  20    28.562       61.964     2.3517      0.18899E-12  0.66000      0.19715E+06 
0203-40  20    30.988      -40.706     .63055      0.11980E-14  0.47000      0.83393E+07 
0226+70  20    36.696       70.221     1.4668      0.31160E-14   1.7000      0.74584E+07 
0254-53  20    43.601      -53.274     .44771      0.31100E-16  0.59000      0.22809E+09 
0301+19  16    45.427       19.353     1.3876      0.12961E-14  0.56000      0.16962E+08 
0320+39   3    50.042       39.571     3.0321      0.71000E-15  0.89000      0.67662E+08 
0329+54   3    52.296       54.410     .71452      0.20496E-14   2.3000      0.55235E+07 
0331+45  20    52.948       45.765     .26920      0.73400E-17   1.6000      0.58109E+09 
0339+53  20    54.858       53.056     1.9345      0.13420E-13   2.0000      0.22839E+07 
0353+52  20    58.485       52.472     .19703      0.47600E-15   2.9000      0.65583E+07 
0355+54  16    58.752       54.078     .15638      0.43912E-14   1.6000      0.56424E+06 
0402+61  20    60.533       61.509     .59457      0.55750E-14   2.4000      0.16898E+07 
0403-76  20    60.813      -76.274     .54525      0.15400E-14  0.79000      0.56097E+07 
0410+69  20    62.663       69.778     .39072      0.76500E-16  0.94000      0.80922E+08 
0447-12   3    71.956      -12.887     .43801      0.10300E-15   1.4000      0.67378E+08 
0450+55   3    72.501       55.647     .34073      0.23581E-14  0.41000      0.22894E+07 
0450-18  20    72.589      -18.072     .54894      0.57494E-14   1.6000      0.15127E+07 
0458+46   3    74.591       46.830     .63856      0.55820E-14   1.2000      0.18125E+07 
0523+11   3    80.790       11.211     .35444      0.71000E-16   3.2000      0.79095E+08 
0525+21   3    81.466       21.967     3.7455      0.40056E-13   2.0000      0.14815E+07 
0529-66  20    82.375      -66.950     .97571      0.00000E+00   4.9000      0.00000E+00 
0531+21  16    82.881       21.982     .33326E-01  0.42129E-12   2.0000       1253.4     
0538-75  20    84.579      -75.761     1.2459      0.57000E-15  0.65000      0.34631E+08 
0540+23   3    85.029       23.463     .24597      0.15429E-13   2.6000      0.25259E+06 
0540-69  20    85.141      -69.356     .50281E-01  0.47984E-12  0.00000E+00   1660.3     
0559-05   3    89.882      -5.4629     .39597      0.13090E-14   3.3000      0.47928E+07 
0559-57  20    89.998      -57.948     2.2614      0.27800E-14   1.1000      0.12888E+08 
0609+37  20    92.350       37.374     .29798      0.58900E-16  0.86000      0.80157E+08 
0611+22   3    92.812       22.435     .33493      0.59630E-13   3.3000       88992.     
0621-04  20    95.464      -4.3863     1.0391      0.84600E-15   2.7000      0.19460E+08 
0626+24   3    96.508       24.299     .47662      0.19900E-14   3.2000      0.37948E+07 
0628-28  20    97.216      -28.543     1.2444      0.71070E-14   1.3000      0.27743E+07 
0643+80   3    100.97       80.925     1.2144      0.38009E-14   1.2000      0.50624E+07 
0655+64   9    103.96       64.373     .19567      0.67700E-18  0.27000      0.45793E+10 
0656+14  20    104.24       14.310     .38487      0.55032E-13  0.40000      0.11081E+06 
0727-18  20    111.83      -18.507     .51015      0.18948E-13   1.6000      0.42658E+06 
0736-40  20    114.21      -40.596     .37492      0.16140E-14   2.5000      0.36804E+07 
0740-28  20    115.20      -28.261     .16675      0.16832E-13   1.5000      0.15697E+06 
0743-53  20    115.96      -53.734     .21484      0.27300E-14   2.4000      0.12468E+07 
0751+32   3    117.87       32.664     1.4423      0.10740E-14   1.5000      0.21278E+08 
0756-15  20    119.05      -15.333     .68226      0.16170E-14   2.3000      0.66851E+07 
0808-47  20    122.05      -47.750     .54720      0.30850E-14   5.7000      0.28103E+07 
0809+74  16    122.26       74.637     1.2922      0.16760E-15  0.17000      0.12216E+09 
0818-13   3    124.53      -13.690     1.2381      0.21056E-14   1.5000      0.93166E+07 
0818-41  20    124.62      -41.084     .54545      0.27000E-16  0.66000      0.32008E+09 
0820+02   9    125.14       2.1484     .86487      0.10390E-15  0.84000      0.13189E+09 
0823+26  16    125.96       26.789     .53066      0.17236E-14  0.71000      0.48780E+07 
0826-34  20    126.58      -34.119     1.8489      0.10000E-14  0.45000      0.29294E+08 
0833-45  20    128.41      -45.003     .89282E-01  0.12435E-12  0.50000       11376.     
0834+06  16    128.61       6.3454     1.2738      0.67992E-14  0.43000      0.29682E+07 
0835-41  20    128.89      -41.412     .75162      0.35460E-14   2.4000      0.33584E+07 
0839-53  20    129.79      -53.364     .72061      0.16510E-14   3.1000      0.69154E+07 
0840-48  20    130.12      -48.676     .64435      0.94970E-14   4.0000      0.10750E+07 
0841+80  20    130.35       80.667     1.6022      0.44200E-15   1.3000      0.57434E+08 
0844-35  20    131.03      -35.377     1.1161      0.15700E-14  0.59000      0.11263E+08 
0853-33  20    133.41      -33.333     1.2675      0.65000E-14  0.59000      0.30897E+07 
0855-61  20    133.98      -61.438     .96251      0.16770E-14   3.6000      0.90936E+07 
0901-63  20    135.38      -63.221     .66031      0.10700E-15   2.8000      0.97776E+08 
0903-42  20    135.78      -42.570     .96517      0.18870E-14   1.7000      0.81040E+07 
0904-74  20    136.12      -74.795     .54955      0.46300E-15   1.9000      0.18806E+08 
0905-51  20    136.42      -51.764     .25356      0.18335E-14  0.86000      0.21911E+07 
0906-17   3    136.58      -17.457     .40163      0.67090E-15  0.52000      0.94848E+07 
0906-49  20    136.73      -49.015     .10675      0.15151E-13   3.2000      0.11164E+06 
0909-71  20    137.34      -71.998     1.3629      0.33300E-15   2.0000      0.64846E+08 
0917+63  20    139.32       63.117     1.5680      0.36081E-14  0.45000      0.68854E+07 
0919+06   3    139.90       6.8533     .43061      0.13725E-13   1.0000      0.49711E+06 
0922-52  20    140.63      -52.830     .74630      0.35477E-13   2.7000      0.33330E+06 
0923-58  20    140.77      -58.019     .73950      0.48300E-14   1.0000      0.24258E+07 
0932-52  20    143.20      -52.601     1.4448      0.46530E-14   1.1000      0.49196E+07 
0940+16   3    145.19       16.752     1.0874      0.90000E-15  0.75000      0.19143E+08 
0940-55  20    145.16      -55.653     .66436      0.22739E-13   4.9000      0.46291E+06 
0941-56  20    145.33      -56.733     .80812      0.39617E-13   4.9000      0.32319E+06 
0942-13   3    145.52      -13.681     .57026      0.46200E-16  0.42000      0.19557E+09 
0943+10  16    145.86       10.096     1.0977      0.35291E-14  0.56000      0.49282E+07 
0950+08  16    147.63       8.1626     .25307      0.22915E-15  0.85000E-01  0.17498E+08 
0950-38  20    147.55      -38.417     1.3738      0.58000E-15   4.0000      0.37529E+08 
0953-52  20    148.42      -52.834     .86212      0.35170E-14   3.5000      0.38838E+07 
0957-47  20    149.38      -47.923     .67009      0.82000E-16   1.3000      0.12947E+09 
0959-54  20    149.97      -54.878     1.4366      0.51665E-13  0.60000E-01  0.44055E+06 
1001-47  20    150.35      -47.541     .30707      0.22074E-13   1.6000      0.22041E+06 
1010-23  20    152.54      -23.384     2.5179      0.14000E-14  0.97000      0.28496E+08 
1014-53  20    153.66      -53.504     .76958      0.19260E-14   2.0000      0.63309E+07 
1015-56  20    153.84      -56.108     .50346      0.31300E-14   14.000      0.25485E+07 
1016-16  20    154.06      -16.452     1.8047      0.17460E-14   1.9000      0.16377E+08 
1030-58  20    157.56      -58.917     .46421      0.30000E-14   15.000      0.24516E+07 
1039-19  20    159.80      -19.435     1.3864      0.11000E-14   1.2000      0.19969E+08 
1039-55  20    160.00      -55.090     1.1709      0.67330E-14   12.000      0.27553E+07 
1044-57  20    161.08      -57.967     .36943      0.11440E-14   7.1000      0.51164E+07 
1054-62  20    163.62      -62.712     .42245      0.35700E-14   6.0000      0.18749E+07 
1055-52  20    163.95      -52.181     .19711      0.58335E-14  0.92000      0.53535E+06 
1056-57  20    164.23      -57.436     1.1850      0.42880E-14   3.3000      0.43785E+07 
1056-78  20    164.12      -78.972     1.3474      0.13270E-14   1.9000      0.16088E+08 
1105-59  20    166.46      -59.514     1.5165      0.34000E-15   2.7000      0.70671E+08 
1110-65  20    167.65      -65.946     .33421      0.82400E-15   9.3000      0.64263E+07 
1110-69  20    167.73      -69.170     .82048      0.28410E-14   5.5000      0.45758E+07 
1112+50   3    168.20       50.777     1.6564      0.24929E-14  0.32000      0.10528E+08 
1114-41  20    168.59      -41.106     .94315      0.79400E-14   1.5000      0.18820E+07 
1118-79  20    169.55      -79.334     2.2806      0.36700E-14  0.95000      0.98457E+07 
1119-54  20    169.76      -54.461     .53578      0.27669E-14   7.6000      0.30680E+07 
1133+16  16    173.36       16.127     1.1879      0.37327E-14  0.15000      0.50422E+07 
1133-55  20    173.41      -55.142     .36470      0.82284E-14   2.9000      0.70225E+06 
1143-60  20    175.92      -60.239     .27337      0.17941E-14   3.2000      0.24142E+07 
1154-62  20    178.68      -62.136     .40052      0.39300E-14   7.0000      0.16147E+07 
1159-58  20    179.98      -58.064     .45280      0.21265E-14   5.0000      0.33737E+07 
1221-63  20    185.39      -63.855     .21647      0.49547E-14   2.7000      0.69224E+06 
1222-63  20    185.73      -63.869     .41962      0.94600E-15   15.000      0.70280E+07 
1232-55  20    188.13      -55.000     .63823      0.00000E+00   3.5000      0.00000E+00 
1236-68  20    189.24      -68.267     1.3019      0.11892E-13   3.3000      0.17346E+07 
1237+25  16    189.30       25.171     1.3824      0.95954E-15  0.33000      0.22827E+08 
1237-41  20    189.39      -41.140     .51224      0.17390E-14   1.6000      0.46670E+07 
1240-64  20    190.08      -64.116     .38848      0.45003E-14   12.000      0.13677E+07 
1254-10  20    193.62      -10.181     .61731      0.36250E-15   1.1000      0.26981E+08 
1256-67  20    194.04      -67.425     .66333      0.12060E-14   3.2000      0.87146E+07 
1302-64  20    195.55      -64.656     .57165      0.40320E-14   19.000      0.22463E+07 
1309-12  20    197.31      -12.202     .44752      0.15060E-15   1.3000      0.47082E+08 
1309-53  20    197.26      -53.780     .72815      0.14800E-15   4.8000      0.77952E+08 
1309-55  20    197.46      -55.015     .84924      0.57060E-14   4.8000      0.23581E+07 
1317-53  20    199.45      -53.723     .27973      0.92589E-14   3.5000      0.47867E+06 
1322+83   3    200.66       83.655     .67004      0.56500E-15  0.48000      0.18790E+08 
1322-66  20    200.64      -66.754     .54301      0.53100E-14   7.3000      0.16202E+07 
1323-58  20    200.93      -58.732     .47799      0.32110E-14   9.8000      0.23585E+07 
1323-62  20    200.99      -62.119     .52991      0.18890E-13   7.9000      0.44446E+06 
1323-63  20    200.79      -63.886     .79267      0.31030E-14   18.000      0.40474E+07 
1325-43  20    201.29      -43.704     .53270      0.30140E-14   1.5000      0.28003E+07 
1325-49  20    201.38      -49.101     1.4787      0.61000E-15   4.3000      0.38408E+08 
1336-64  20    204.11      -64.692     .37862      0.50512E-14   2.3000      0.11876E+07 
1338-62  20    204.62      -62.117     .19320      0.00000E+00   25.000      0.00000E+00 
1352-51  20    208.18      -51.654     .64430      0.28130E-14   4.0000      0.36290E+07 
1353-62  20    208.46      -62.217     .45576      0.00000E+00   12.000      0.00000E+00 
1356-60  20    209.11      -60.393     .12750      0.63385E-14   8.8000      0.31871E+06 
1358-63  20    209.54      -63.721     .84278      0.16905E-13   2.9000      0.78989E+06 
1359-51  20    209.92      -51.167     1.3802      0.00000E+00   1.3000      0.00000E+00 
1417-54  20    214.26      -54.044     .93577      0.23700E-15   4.5000      0.62559E+08 
1424-55  20    216.23      -55.291     .57029      0.20870E-14   2.7000      0.43295E+07 
1426-66  20    216.65      -66.163     .78544      0.27710E-14   2.1000      0.44910E+07 
1436-63  20    219.13      -63.532     .45961      0.11201E-14   4.0000      0.65012E+07 
1449-64  20    222.36      -64.017     .17948      0.27475E-14   2.2000      0.10350E+07 
1451-68  20    222.87      -68.525     .26338      0.98780E-16  0.23000      0.42245E+08 
1454-51  20    223.54      -51.181     1.7483      0.52900E-14   1.1000      0.52363E+07 
1503-51  20    225.77      -51.777     .84074      0.63700E-14   1.9000      0.20912E+07 
1503-66  20    225.85      -66.491     .35565      0.11570E-14   4.5000      0.48704E+07 
1504-43  20    226.06      -43.676     .28676      0.16045E-14   1.7000      0.28317E+07 
1507-44  20    226.86      -44.180     .94387      0.61000E-15   3.0000      0.24516E+08 
1508+55  16    227.02       55.716     .73968      0.50327E-14  0.73000      0.23287E+07 
1509-58  20    227.50      -58.949     .15023      0.15402E-11   6.7000       1545.4     
1510-48  20    227.69      -48.386     .45484      0.92500E-15   1.7000      0.77908E+07 
1523-55  20    230.96      -55.695     1.0487      0.11280E-13   9.3000      0.14730E+07 
1524-39  20    231.18      -39.353     2.4176      0.19070E-13   1.7000      0.20086E+07 
1530+27  20    232.52       27.932     1.1248      0.80300E-15  0.53000      0.22194E+08 
1530-53  20    232.59      -53.405     1.3689      0.14280E-14  0.65000      0.15188E+08 
1540-06  20    235.21      -6.1881     .70906      0.88300E-15  0.66000      0.12723E+08 
1541+09  16    235.31       9.6452     .74845      0.43030E-15   1.3000      0.27559E+08 
1541-52  20    235.30      -52.990     .17855      0.60700E-16  0.91000      0.46606E+08 
1550-54  20    237.52      -54.787     1.0813      0.15650E-13   5.6000      0.10947E+07 
1552-23  20    238.13      -23.553     .53258      0.70000E-15   1.9000      0.12055E+08 
1552-31  20    238.04      -31.419     .51811      0.50000E-16   2.6000      0.16418E+09 
1555-55  20    238.85      -55.619     .95724      0.20479E-13   6.3000      0.74059E+06 
1556-44  20    239.05      -44.505     .25706      0.10195E-14   1.9000      0.39947E+07 
1556-57  20    239.06      -57.713     .19445      0.21248E-14   5.7000      0.14500E+07 
1557-50  20    239.29      -50.599     .19260      0.50626E-14   7.8000      0.60277E+06 
1558-50  20    239.64      -50.862     .86420      0.69572E-13   2.5000      0.19681E+06 
1600-27  20    240.02      -27.070     .77831      0.29200E-14   1.7000      0.42232E+07 
1600-49  20    240.18      -49.029     .32742      0.10117E-14   4.2000      0.51276E+07 
1601-52  20    240.36      -52.824     .65801      0.25600E-15  0.80000      0.40725E+08 
1604-00  16    241.16     -0.41157     .42182      0.30607E-15  0.36000      0.21836E+08 
1607-13  20    241.98      -13.243     1.0184      0.23000E-15   1.8000      0.70154E+08 
1609-47  20    242.46      -47.114     .38238      0.63200E-15   5.0000      0.95860E+07 
1612+07  20    243.06       7.7503     1.2068      0.23570E-14  0.77000      0.81123E+07 
1612-29  20    243.19      -29.544     2.4776      0.25000E-14   1.4000      0.15702E+08 
1620-09  20    245.14      -9.0203     1.2764      0.30000E-14   2.6000      0.67413E+07 
1620-26   9    245.14      -26.416     .11076E-01  0.80000E-18   2.2000      0.21936E+09 
1620-42  20    245.08      -42.832     .36459      0.10220E-14   9.0000      0.56522E+07 
1630-59  20    247.70      -59.808     .52912      0.13680E-14   4.6000      0.61282E+07 
1633+24  20    248.33       24.415     .49051      0.11940E-15  0.88000      0.65089E+08 
1641-45  20    250.29      -45.894     .45505      0.20137E-13   5.3000      0.35804E+06 
1641-68  20    250.42      -68.440     1.7856      0.17000E-14   1.5000      0.16642E+08 
1642-03  16    250.60      -3.2086     .38769      0.17810E-14  0.17000      0.34489E+07 
1647-52  20    251.94      -52.299     .63506      0.18120E-14   5.8000      0.55529E+07 
1647-528 20    251.93      -52.846     .89053      0.20700E-14   5.4000      0.68163E+07 
1648-17  20    252.16      -17.072     .97339      0.30420E-14   1.0000      0.50698E+07 
1648-42  20    252.07      -42.667     .84408      0.00000E+00   14.000      0.00000E+00 
1649-23  20    252.49      -23.978     1.7037      0.00000E+00   2.3000      0.00000E+00 
1657-13  20    254.27      -13.012     .64096      0.62100E-15   2.1000      0.16353E+08 
1659-60  20    254.95      -60.212     .30632      0.91000E-15   1.9000      0.53334E+07 
1700-18  20    255.23      -18.702     .80434      0.17300E-14   1.7000      0.73665E+07 
1700-32  20    255.03      -32.856     1.2118      0.70000E-15   3.4000      0.27428E+08 
1701-75  20    255.32      -75.590     1.1910      0.18800E-14   1.3000      0.10038E+08 
1702-19  20    255.67      -19.026     .29899      0.41400E-14  0.74000      0.11442E+07 
1706-16  20    256.64      -16.620     .65305      0.63800E-14  0.81000      0.16218E+07 
1707-53  20    256.96      -53.777     .89922      0.15494E-13   3.6000      0.91953E+06 
1709-15  20    257.27      -15.101     .86880      0.11040E-14   2.0000      0.12469E+08 
1717-16  20    259.38      -16.509     1.5656      0.58200E-14   1.4000      0.42621E+07 
1717-29  20    259.35      -29.502     .62045      0.80000E-15   1.2000      0.12288E+08 
1718-02   3    259.59      -2.1577     .47772      0.87000E-16   2.4000      0.86999E+08 
1718-32  20    259.70      -32.084     .47716      0.70000E-15   3.7000      0.10800E+08 
1719-37  20    259.90      -37.152     .23617      0.10816E-13   2.5000      0.34596E+06 
1726-00  20    261.50     -0.90139E-01   .38601      0.11240E-14   1.3000      0.54412E+07 
1727-47  20    261.98      -47.706     .82972      0.16367E-12   4.1000       80320.     
1729-41  20    262.32      -41.445     .62798      0.12838E-13   6.1000      0.77502E+06 
1730-22  20    262.60      -22.445     .87168      0.00000E+00   1.3000      0.00000E+00 
1732-02  20    263.04      -2.1772     .83939      0.42000E-15   2.3000      0.31665E+08 
1732-07  20    263.09      -7.3825     .41933      0.00000E+00   2.6000      0.00000E+00 
1735-32  20    263.96      -32.150     .76850      0.00000E+00   1.5000      0.00000E+00 
1736-29  20    264.12      -29.050     .32288      0.78610E-14   3.6000      0.65077E+06 
1736-31  20    264.03      -31.483     .52944      0.00000E+00   12.000      0.00000E+00 
1737+13  20    264.46       13.225     .80305      0.14540E-14   1.8000      0.87507E+07 
1737-30  20    264.34      -30.237     .60656      0.46600E-12   3.5000       20623.     
1737-39  20    264.46      -39.436     .51221      0.18090E-14   5.1000      0.44862E+07 
1738-08  20    264.66      -8.6517     2.0431      0.22700E-14   2.6000      0.14260E+08 
1740-03  20    265.12      -3.6022     .44464      0.31700E-14   1.2000      0.22224E+07 
1740-13  20    265.20      -13.840     .40534      0.48100E-15   3.9000      0.13352E+08 
1742-30  20    265.67      -30.651     .36742      0.10700E-13   2.3000      0.54406E+06 
1745-12  20    266.37      -12.999     .39413      0.12120E-14   3.4000      0.51524E+07 
1745-56  20    266.38      -56.074     1.3323      0.21200E-14   2.0000      0.99572E+07 
1747-46  20    266.99      -46.944     .74235      0.12950E-14  0.66000      0.90825E+07 
1749-28  20    267.46      -28.100     .56255      0.81540E-14   1.0000      0.10931E+07 
1750-24  20    267.62      -24.967     .52833      0.00000E+00   19.000      0.00000E+00 
1753+52  20    268.31       52.028     2.3914      0.15680E-14   1.3000      0.24164E+08 
1753-24  20    268.44      -24.600     .67048      0.00000E+00   7.6000      0.00000E+00 
1754-24  20    268.65      -24.361     .23409      0.13000E-13   4.0000      0.28531E+06 
1756-22  20    269.10      -22.092     .46097      0.10800E-13   4.5000      0.67626E+06 
1757-23  20    269.25      -23.717     1.0308      0.00000E+00   6.1000      0.00000E+00 
1758-03  20    269.68      -3.9652     .92149      0.33160E-14   4.0000      0.44029E+07 
1758-23  20    269.56      -23.083     .41576      0.00000E+00   23.000      0.00000E+00 
1758-24  20    269.56      -24.883     .12483      0.00000E+00   6.4000      0.00000E+00 
1800-21  20    270.21      -21.620     .13358      0.13415E-12   5.2000       15776.     
1802+03  20    270.67       3.1038     .21871      0.99900E-15   2.8000      0.34687E+07 
1804-08  20    271.22      -8.8028     .16373      0.28680E-16   3.7000      0.90450E+08 
1804-12  20    271.00      -12.000     .52276      0.00000E+00   3.8000      0.00000E+00 
1804-20  20    271.21      -20.983     .91840      0.00000E+00   14.000      0.00000E+00 
1804-27  20    271.01      -27.261     .82777      0.12250E-13   8.9000      0.10706E+07 
1806-21  20    271.52      -21.167     .70241      0.00000E+00   9.1000      0.00000E+00 
1806-53  20    271.67      -53.646     .26105      0.38300E-15   1.6000      0.10799E+08 
1809-173 20    272.31      -17.317     1.2054      0.00000E+00   5.1000      0.00000E+00 
1809-175 20    272.42      -17.500     .53835      0.00000E+00   16.000      0.00000E+00 
1810+02  20    272.59       2.4355     .79390      0.35997E-14   3.5000      0.34944E+07 
1811+40  20    272.90       40.213     .93109      0.25530E-14   1.5000      0.57784E+07 
1813-17  20    273.27      -17.500     .78231      0.00000E+00   11.000      0.00000E+00 
1813-26  20    273.37      -26.849     .59289     -0.30000E-15   4.2000      0.00000E+00 
1813-36  20    273.43      -36.320     .38702      0.20465E-14   3.2000      0.29963E+07 
1814-23  20    273.50      -23.217     .62547      0.00000E+00   7.2000      0.00000E+00 
1815-14  20    273.81      -14.367     .29149      0.00000E+00   15.000      0.00000E+00 
1817-13  20    274.31      -13.833     .92146      0.00000E+00   19.000      0.00000E+00 
1818-04  16    274.56      -4.4847     .59807      0.63376E-14   1.5000      0.14952E+07 
1819-14  20    274.97      -14.067     .21477      0.00000E+00   11.000      0.00000E+00 
1819-22  20    274.99      -22.966     1.8743      0.60000E-15   3.9000      0.49493E+08 
1820-11  20    275.15      -11.200     .27982      0.00000E+00   11.000      0.00000E+00 
1820-31  20    275.13      -31.138     .28405      0.29200E-14   1.7000      0.15413E+07 
1821+05   3    275.27       5.8132     .75291      0.22500E-15   2.3000      0.53018E+08 
1821-11  20    275.47      -11.367     .43576      0.00000E+00   16.000      0.00000E+00 
1821-19  20    275.26      -19.791     .18933      0.52378E-14   6.8000      0.57272E+06 
1821-24  20    275.36      -24.897     .30543E-02  0.15500E-17   3.9000      0.31221E+08 
1822+00  20    275.67      0.43444E-01   .77895      0.87330E-15   1.7000      0.14132E+08 
1822-09  20    275.69      -9.6253     .76896      0.52320E-13  0.51000      0.23286E+06 
1822-14  20    275.58      -14.833     .27918      0.00000E+00   9.3000      0.00000E+00 
1823-11  20    275.77      -11.533     2.0931      0.00000E+00   10.000      0.00000E+00 
1823-13  20    275.83      -13.617     .10144      0.51000E-13   5.5000       31513.     
1824-09  20    276.02      -9.9667     .24575      0.00000E+00   11.000      0.00000E+00 
1826-17  20    276.70      -17.879     .30713      0.55900E-14   6.7000      0.87051E+06 
1828-10  20    277.08      -10.967     .40503      0.00000E+00   4.4000      0.00000E+00 
1828-60  20    277.19      -60.422     1.8894      0.27000E-15   1.2000      0.11088E+09 
1829-08  20    277.50      -8.4667     .64728      0.00000E+00   6.6000      0.00000E+00 
1829-10  20    277.37      -10.433     .33035      0.00000E+00   11.000      0.00000E+00 
1830-08  20    277.72      -8.4833     .85281E-01  0.90000E-14   8.5000      0.15013E+06 
1831-00   9    277.93     -0.22036     .52095      0.14300E-16   2.7000      0.57720E+09 
1831-03  20    277.77      -3.6819     .68668      0.41500E-13   7.1000      0.26216E+06 
1831-04  20    277.94      -4.4831     .29011      0.19700E-15   2.2000      0.23332E+08 
1832-06  20    278.13      -6.7667     .30582      0.00000E+00   10.000      0.00000E+00 
1834-04  20    278.65      -4.6667     .35424      0.00000E+00   5.4000      0.00000E+00 
1834-06  20    278.62      -6.9333     1.9058      0.00000E+00   6.7000      0.00000E+00 
1834-10  20    278.53      -10.179     .56271      0.11775E-13   8.8000      0.75716E+06 
1838-04  20    279.60      -4.4667     .18615      0.00000E+00   7.1000      0.00000E+00 
1839+09  20    279.89       9.1529     .38132      0.10916E-14   1.6000      0.55347E+07 
1839+56   3    279.96       56.649     1.6529      0.17000E-14  0.94000      0.15405E+08 
1839-04  20    279.93      -4.1000     1.8400      0.51000E-15   4.7000      0.57161E+08 
1841-04  20    280.45      -4.5833     .99102      0.00000E+00   2.5000      0.00000E+00 
1841-05  20    280.33      -5.6833     .25570      0.00000E+00   11.000      0.00000E+00 
1842+14   3    280.66       14.851     .37546      0.18660E-14   1.3000      0.31880E+07 
1842-02  20    280.58      -2.8500     .50772      0.00000E+00   9.1000      0.00000E+00 
1842-04  20    280.65      -4.5833     .16225      0.00000E+00   7.2000      0.00000E+00 
1844-04  20    281.19      -4.0922     .59774      0.51900E-13   3.8000      0.18248E+06 
1845-01  20    281.45      -1.4583     .65943      0.52000E-14   3.7000      0.20092E+07 
1845-19  20    281.34      -19.930     4.3082      0.23310E-13  0.53000      0.29283E+07 
1846-06  20    281.61      -6.6739     1.4513      0.45700E-13   4.5000      0.50316E+06 
1848+04  20    282.14       4.2432     .28470      0.16000E-17   3.3000      0.28192E+10 
1848+12  20    282.23       12.933     1.2053      0.11521E-13   2.3000      0.16576E+07 
1848+13  20    282.07       13.540     .34558      0.14926E-14   1.9000      0.36684E+07 
1849+00  20    282.48      0.47222     2.1803      0.00000E+00   19.000      0.00000E+00 
1851-14  20    282.97      -14.422     1.1466      0.41710E-14   4.4000      0.43555E+07 
1851-79  20    282.94      -79.931     1.2792      0.18600E-14   1.4000      0.10897E+08 
1852+10  20    283.02       10.783     .57234      0.00000E+00   8.4000      0.00000E+00 
1854+00  20    283.62      0.88917     .35693      0.00000E+00   2.3000      0.00000E+00 
1855+02  20    283.83       2.1167     .41581      0.00000E+00   12.000      0.00000E+00 
1855+09   9    283.81       9.6537     .53621E-02  0.20000E-19  0.35000      0.42479E+10 
1857-26  20    284.43      -26.082     .61221      0.16000E-15   1.3000      0.60624E+08 
1859+01  20    284.76       1.8718     .28822      0.00000E+00   2.8000      0.00000E+00 
1859+03  20    284.76       3.4460     .65545      0.74874E-14   11.000      0.13870E+07 
1859+07  20    284.83       7.2167     .64400      0.00000E+00   6.7000      0.00000E+00 
1900+01  20    285.24       1.5193     .72930      0.40322E-14   5.0000      0.28657E+07 
1900+05  20    285.06       5.8669     .74657      0.12896E-13   4.3000      0.91724E+06 
1900+06  20    285.08       6.1903     .67350      0.00000E+00   14.000      0.00000E+00 
1900-06  20    285.25      -6.6083     .43188      0.34000E-14   6.4000      0.20126E+07 
1901+10  20    285.42       10.000     1.8566      0.00000E+00   4.1000      0.00000E+00 
1902-01  20    285.72      -1.0189     .64318      0.30560E-14   7.2000      0.33346E+07 
1903+07  20    285.78       7.0833     .64804      0.00000E+00   8.8000      0.00000E+00 
1904+06  20    286.04       6.6167     .26727      0.00000E+00   12.000      0.00000E+00 
1904+12  20    286.20       12.700     .82710      0.00000E+00   8.4000      0.00000E+00 
1905+39   3    286.48       39.955     1.2358      0.53000E-15   1.0000      0.36942E+08 
1906+09  20    286.65       9.1893     .83027      0.98000E-16   6.2000      0.13423E+09 
1907+00  20    286.76      0.51000E-01   1.0169      0.55151E-14   3.6000      0.29215E+07 
1907+02  20    286.78       2.8323     .98983      0.27643E-14   5.4000      0.56733E+07 
1907+03  20    286.92       3.8917     2.3303      0.45300E-14   2.3000      0.81503E+07 
1907+10  20    286.86       10.952     .28364      0.26364E-14   4.0000      0.17046E+07 
1907+12  20    286.97       12.445     1.4417      0.82450E-14   8.5000      0.27705E+07 
1907-03  20    286.97      -3.2474     .50460      0.21890E-14   6.8000      0.36523E+07 
1910+10  20    287.62       10.500     .40934      0.00000E+00   3.4000      0.00000E+00 
1910+20  20    287.64       20.991     2.2330      0.10182E-13   2.9000      0.34747E+07 
1911+09  20    287.87       9.5000     1.2420      0.00000E+00   4.0000      0.00000E+00 
1911+11  20    287.95       11.281     .60100      0.65550E-15   2.0000      0.14527E+08 
1911+13  20    287.78       13.928     .52147      0.80520E-15   4.2000      0.10261E+08 
1911-04   3    287.81      -4.7666     .82593      0.40696E-14   3.0000      0.32156E+07 
1913+10  20    288.28       10.074     .40453      0.15244E-13   6.5000      0.42045E+06 
1913+16   9    288.30       16.019     .59030E-01  0.86400E-17   5.2000      0.10825E+09 
1913+167 20    288.27       16.697     1.6162      0.40800E-15   1.9000      0.62764E+08 
1914+09  20    288.54       9.7674     .27025      0.25182E-14   1.6000      0.17003E+07 
1914+13  20    288.67       13.124     .28184      0.36172E-14   6.1000      0.12345E+07 
1915+13  20    288.84       13.808     .19463      0.72029E-14   2.4000      0.42812E+06 
1915+22  20    288.90       22.317     .42591      0.00000E+00   4.1000      0.00000E+00 
1916+14  20    289.03       14.656     1.1809      0.21140E-12  0.76000       88505.     
1917+00   3    289.32      0.26759     1.2723      0.76764E-14   3.0000      0.26259E+07 
1918+19  20    289.72       19.717     .82103      0.89520E-15   5.0000      0.14531E+08 
1918+26  20    289.65       26.749     .78552      0.35100E-16  0.80000      0.35458E+09 
1919+14  20    289.78       14.226     .61818      0.56120E-14   2.2000      0.17453E+07 
1919+20  20    289.92       20.000     .76068      0.00000E+00   2.1000      0.00000E+00 
1919+21  20    289.90       21.788     1.3373      0.13481E-14  0.33000      0.15717E+08 
1920+20  20    290.03       20.204     1.1728      0.00000E+00   6.7000      0.00000E+00 
1920+21  20    290.18       21.081     1.0779      0.81899E-14   7.3000      0.20853E+07 
1921+17  20    290.27       17.000     .54721      0.00000E+00   3.7000      0.00000E+00 
1922+20  20    290.62       20.568     .23779      0.20900E-14   7.0000      0.18027E+07 
1923+04  20    290.98       4.4243     1.0741      0.24650E-14   3.4000      0.69037E+07 
1924+14  20    291.16       14.480     1.3249      0.22300E-15   5.8000      0.94135E+08 
1924+16  20    291.13       16.708     .57981      0.18004E-13   4.2000      0.51027E+06 
1924+19  20    291.07       19.333     1.3460      0.00000E+00   14.000      0.00000E+00 
1925+18  20    291.25       18.833     .48276      0.00000E+00   7.3000      0.00000E+00 
1925+188 20    291.36       18.833     .29831      0.00000E+00   2.4000      0.00000E+00 
1925+22  20    291.25       22.480     1.4311      0.77100E-15   6.0000      0.29408E+08 
1926+18  20    291.74       18.664     1.2205      0.00000E+00   2.8000      0.00000E+00 
1927+13  20    291.92       13.165     .76003      0.36610E-14   6.6000      0.32893E+07 
1929+10  16    292.47       10.884     .22652      0.11568E-14  0.75000E-01  0.31026E+07 
1929+15  20    292.37       15.500     .31435      0.00000E+00   3.4000      0.00000E+00 
1929+20  20    292.49       20.238     .26821      0.41790E-14   5.7000      0.10169E+07 
1930+13  20    292.74       13.000     .92832      0.00000E+00   5.4000      0.00000E+00 
1930+22  20    292.55       22.255     .14443      0.57780E-13   6.6000       39604.     
1931+24  20    292.75       24.250     .81368      0.00000E+00   2.7000      0.00000E+00 
1933+15  20    293.44       15.498     .96734      0.40390E-14   5.3000      0.37946E+07 
1933+16  20    293.38       16.166     .35874      0.60035E-14   6.0000      0.94675E+06 
1933+17  20    293.33       17.667     .65441      0.00000E+00   6.3000      0.00000E+00 
1935+25  20    293.76       25.621     .20098      0.15550E-14   1.8000      0.20478E+07 
1937+21   3    294.37       21.467     .15578E-02  0.10000E-18   5.0000      0.24682E+09 
1937+24  20    294.28       24.717     .64528      0.00000E+00   2.8000      0.00000E+00 
1937-26  20    294.49      -26.148     .40286      0.96000E-15   1.8000      0.66488E+07 
1939+17  20    294.95       17.667     .69626      0.00000E+00   5.7000      0.00000E+00 
1940-12  20    295.16      -12.748     .97243      0.16590E-14   1.0000      0.92870E+07 
1941-17  20    295.30      -17.957     .84116      0.98000E-15   2.0000      0.13599E+08 
1942+17  20    295.56       17.833     1.9969      0.00000E+00   5.3000      0.00000E+00 
1942-00  20    295.72     -0.80489     1.0456      0.53600E-15   2.0000      0.30909E+08 
1943+18  20    295.86       18.467     1.0687      0.00000E+00   7.3000      0.00000E+00 
1943-29  20    295.93      -29.351     .95945      0.17000E-14   1.6000      0.89421E+07 
1944+17  16    296.16       17.971     .44062      0.24040E-16  0.43000      0.29040E+09 
1944+22  20    296.07       22.626     1.3344      0.88900E-15   3.9000      0.23783E+08 
1946+35   3    296.64       35.544     .71731      0.70521E-14   4.6000      0.16116E+07 
1946-25  20    296.60      -25.538     .95762      0.34000E-14  0.79000      0.44625E+07 
1949+14  20    297.43       14.050     .27504      0.00000E+00   2.0000      0.00000E+00 
1951+32  20    297.76       32.747     .39530E-01  0.59200E-14   1.3000      0.10580E+06 
1952+29  16    298.09       29.256     .42668      0.20100E-17  0.20000      0.33633E+10 
1953+29   9    298.36       29.012     .61332E-02  0.30000E-19   2.7000      0.32391E+10 
1953+50   3    298.49       50.865     .51894      0.13660E-14   1.1000      0.60191E+07 
1957+20   9    299.29       20.667     .16074E-02  0.00000E+00  0.83000      0.00000E+00 
2000+32  20    300.07       32.133     .69673      0.00000E+00   3.7000      0.00000E+00 
2000+40  20    300.25       40.707     .90507      0.17440E-14   4.6000      0.82224E+07 
2002+31  20    300.72       31.476     2.1112      0.74571E-13   8.0000      0.44857E+06 
2003-08  20    300.89      -8.2600     .58087      0.40000E-16  0.90000      0.23008E+09 
2011+38  20    302.84       38.611     .23019      0.88548E-14   8.6000      0.41188E+06 
2016+28  16    304.00       28.508     .55795      0.14936E-15   1.3000      0.59187E+08 
2020+28  16    305.14       28.745     .34340      0.18955E-14   1.3000      0.28704E+07 
2021+51  16    305.36       51.752     .52920      0.30518E-14  0.68000      0.27474E+07 
2022+50  20    305.56       50.464     .37262      0.25148E-14   1.0000      0.23476E+07 
2025+21  20    306.26       21.583     .39817      0.00000E+00   3.5000      0.00000E+00 
2027+37  20    306.88       37.568     1.2168      0.12299E-13   5.4000      0.15675E+07 
2028+22  20    307.12       22.304     .63051      0.88380E-15   2.6000      0.11303E+08 
2034+19  20    308.75       19.540     2.0744      0.20400E-14   1.2000      0.16111E+08 
2035+36  20    308.88       36.181     .61871      0.45420E-14   2.9000      0.21583E+07 
2036+53  20    309.16       53.144     1.4246      0.10600E-14   6.2000      0.21293E+08 
2043-04   3    310.84      -4.5403     1.5469      0.14760E-14   1.3000      0.16606E+08 
2044+15   3    311.08       15.492     1.1383      0.18500E-15   1.4000      0.97487E+08 
2045+56  20    311.38       56.959     .47673      0.11125E-13   3.7000      0.67895E+06 
2045-16  20    311.45      -16.465     1.9616      0.10961E-13  0.38000      0.28354E+07 
2048-72  20    312.17      -72.201     .34134      0.19600E-15  0.64000      0.27593E+08 
2053+21  20    313.35       21.966     .81518      0.13390E-14   1.3000      0.96458E+07 
2053+36   3    313.39       36.314     .22151      0.36480E-15   3.4000      0.96206E+07 
2106+44  20    316.63       44.494     .41487      0.86300E-16   4.6000      0.76167E+08 
2110+27   3    317.73       27.694     1.2029      0.26226E-14  0.82000      0.72668E+07 
2111+46  20    317.91       46.528     1.0147      0.71950E-15   4.3000      0.22344E+08 
2113+14   3    318.46       14.030     .44015      0.29000E-15   2.1000      0.24048E+08 
2122+13  20    320.60       13.906     .69405      0.76910E-15   1.1000      0.14298E+08 
2123-67  20    320.83      -67.025     .32577      0.22600E-15   1.3000      0.22839E+08 
2127+11  20    321.89       11.947     .11066      0.00000E+00   2.2000      0.00000E+00 
2148+52  20    327.21       52.563     .33220      0.10109E-13   4.3000      0.52067E+06 
2148+63   3    327.15       63.261     .38014      0.16810E-15   5.0000      0.35830E+08 
2151-56  20    327.89      -56.936     1.3737      0.42300E-14  0.50000      0.51452E+07 
2152-31  20    328.08      -31.552     1.0300      0.12350E-14  0.52000      0.13214E+08 
2154+40   3    328.74       40.057     1.5253      0.34170E-14   2.6000      0.70724E+07 
2210+29  20    332.53       29.304     1.0046      0.49480E-15   2.8000      0.32168E+08 
2217+47  16    334.44       47.663     .53847      0.27642E-14   1.5000      0.30864E+07 
2224+65   3    336.07       65.337     .68253      0.96710E-14   1.1000      0.11182E+07 
2227+61  20    336.99       61.837     .44305      0.22532E-14   4.5000      0.31155E+07 
2241+69  20    340.35       69.585     1.6645      0.48210E-14   1.4000      0.54703E+07 
2255+58  20    343.98       58.886     .36824      0.57501E-14   4.4000      0.10147E+07 
2303+30  16    345.89       30.730     1.5759      0.28957E-14   1.9000      0.86227E+07 
2303+46   9    345.91       46.859     1.0664      0.56930E-15   2.3000      0.29678E+08 
2306+55   3    346.51       55.522     .47507      0.20200E-15   1.5000      0.37262E+08 
2310+42  20    347.70       42.615     .34943      0.11550E-15  0.56000      0.47935E+08 
2315+21  20    348.87       21.557     1.4447      0.10500E-14  0.75000      0.21799E+08 
2319+60  20    349.92       60.134     2.2565      0.70370E-14   2.8000      0.50805E+07 
2321-61  20    350.39      -61.176     2.3475      0.26000E-14  0.58000      0.14305E+08 
2323+63  20    350.50       63.008     1.4363      0.28900E-14   7.4000      0.78744E+07 
2324+60  20    351.11       60.931     .23365      0.30900E-15   3.2000      0.11981E+08 
2327-20  20    351.96      -20.368     1.6436      0.46340E-14  0.29000      0.56197E+07 
2334+61  20    353.69       61.574     .49524      0.19191E-12   1.5000       40887.     
2351+61   3    357.89       61.652     .94478      0.16226E-13   2.5000      0.92254E+06 
