1175                                  | VERSATEC META Workstation
1V                                    |    Driver identifier
WDT                                   |    Workstation Description Table
0.2102 0.1487 1655 1171               |       qdsdx qdsdy kdsrx kdsry
7 1.0 1.0 7.0                         |       klnwd qnmlnw qmnlnw qmxlnw
0 2.0 1.0 20.0                        |       kmksz qnmmks qmnmks qmxmks
0 0.001 0.149                         |       kchh qmnchh qmxchh
1 1.0 1.0                             |       kchxpf qmnchx qmxchx
10                                    |       kmxpab
PL                                    |    Polyline
1                                     |       kpli
1 1.0 1                               |       klnty qlnwd kplci
2                                     |       kpli
2 1.0 1                               |       klnty qlnwd kplci
3                                     |       kpli
3 1.0 1                               |       klnty qlnwd kplci
4                                     |       kpli
4 1.0 1                               |       klnty qlnwd kplci
5                                     |       kpli
5 1.0 1                               |       klnty qlnwd kplci
-1                                    |    End of Polyline
PM                                    |    Polymarker
1                                     |       kpmi
1 1.0 1                               |       kmkty qmksz kpmci
2                                     |       kpmi
2 1.0 1                               |       kmkty qmksz kpmci
3                                     |       kpmi
3 1.0 1                               |       kmkty qmksz kpmci
4                                     |       kpmi
4 1.0 1                               |       kmkty qmksz kpmci
5                                     |       kpmi
5 1.0 1                               |       kmkty qmksz kpmci
-1                                    |    End of Polymarker
TX                                    |    Text
1                                     |       ktxi
1 1 1.0 0.0 1                         |     ktxfn ktxpn qchxp qchsp ktxci
2                                     |       ktxi
-102 2 1.0 0.0 1                      |     ktxfn ktxpn qchxp qchsp ktxci
3                                     |       ktxi
-103 2 1.0 0.0 1                      |     ktxfn ktxpn qchxp qchsp ktxci
4                                     |       ktxi
-104 2 1.0 0.0 1                      |     ktxfn ktxpn qchxp qchsp ktxci
5                                     |       ktxi
-105 2 1.0 0.0 1                      |     ktxfn ktxpn qchxp qchsp ktxci
6                                     |       ktxi
-106 2 1.0 0.0 1                      |     ktxfn ktxpn qchxp qchsp ktxci
-1                                    |    End of Text
FA                                    |    Fill Area
1                                     |       kfai
0 1 1                                 |       kis ksi kfaci
2                                     |       kfai
1 1 2                                 |       kis ksi kfaci
3                                     |       kfai
1 1 3                                 |       kis ksi kfaci
4                                     |       kfai
1 1 4                                 |       kis ksi kfaci
5                                     |       kfai
3 -1 2                                |       kis ksi kfaci
6                                     |       kfai
3 -2 3                                |       kis ksi kfaci
7                                     |       kfai
3 -3 4                                |       kis ksi kfaci
8                                     |       kfai
2 1 2                                 |       kis ksi kfaci
9                                     |       kfai
2 2 3                                 |       kis ksi kfaci
10                                    |       kfai
2 3 4                                 |       kis ksi kfaci
-1                                    |    End of Fill Area
PA                                    |    Pattern
1                                     |       kpai
16 16                                   |       kpadx kpady kpa
    0 0 0 1 1 1 0 0 0 0 0 0 0 0 0 0
    0 0 1 0 0 0 1 0 0 0 0 0 0 0 0 0
    0 1 0 0 0 0 0 1 0 0 0 0 0 0 0 0
    0 1 0 0 0 0 0 1 0 0 0 0 0 0 0 0
    0 1 0 0 0 0 0 1 0 0 0 0 0 0 0 0
    0 0 1 0 0 0 1 0 0 0 0 0 0 0 0 0
    0 0 0 1 1 1 0 0 0 0 0 0 0 0 0 0
    0 0 0 0 0 0 0 0 0 0 0 0 0 0 0 0
    0 0 0 0 0 0 0 0 0 1 0 0 0 0 0 1
    0 0 0 0 0 0 0 0 0 0 1 0 0 0 1 0
    0 0 0 0 0 0 0 0 0 0 0 1 0 1 0 0
    0 0 0 0 0 0 0 0 0 0 0 0 1 0 0 0
    0 0 0 0 0 0 0 0 0 0 0 1 0 1 0 0
    0 0 0 0 0 0 0 0 0 0 1 0 0 0 1 0
    0 0 0 0 0 0 0 0 0 1 0 0 0 0 0 1
    0 0 0 0 0 0 0 0 0 0 0 0 0 0 0 0
2
16 16
    0 0 0 2 2 2 0 0 0 0 0 0 0 0 0 0
    0 0 2 0 0 0 2 0 0 0 0 0 0 0 0 0
    0 2 0 0 0 0 0 2 0 0 0 0 0 0 0 0
    0 2 0 0 0 0 0 2 0 0 0 0 0 0 0 0
    0 2 0 0 0 0 0 2 0 0 0 0 0 0 0 0
    0 0 2 0 0 0 2 0 0 0 0 0 0 0 0 0
    0 0 0 2 2 2 0 0 0 0 0 0 0 0 0 0
    0 0 0 0 0 0 0 0 0 0 0 0 0 0 0 0
    0 0 0 0 0 0 0 0 0 0 2 2 2 0 0 0
    0 0 0 0 0 0 0 0 0 2 0 0 0 2 0 0
    0 0 0 0 0 0 0 0 2 0 0 0 0 0 2 0
    0 0 0 0 0 0 0 0 2 0 0 0 0 0 2 0
    0 0 0 0 0 0 0 0 2 0 0 0 0 0 2 0
    0 0 0 0 0 0 0 0 0 2 0 0 0 2 0 0
    0 0 0 0 0 0 0 0 0 0 2 2 2 0 0 0
    0 0 0 0 0 0 0 0 0 0 0 0 0 0 0 0
3
16 16
    0 3 3 3 3 3 3 3 0 0 0 0 0 0 0 0
    0 3 0 0 0 0 0 3 0 0 0 0 0 0 0 0
    0 3 0 3 3 3 0 3 0 0 0 0 0 0 0 0
    0 3 0 3 0 3 0 3 0 0 0 0 0 0 0 0
    0 3 0 3 3 3 0 3 0 0 0 0 0 0 0 0
    0 3 0 0 0 0 0 3 0 0 0 0 0 0 0 0
    0 3 3 3 3 3 3 3 0 0 0 0 0 0 0 0
    0 0 0 0 0 0 0 0 0 0 0 0 0 0 0 0
    0 0 0 0 0 0 0 0 0 3 3 3 3 3 3 3
    0 0 0 0 0 0 0 0 0 3 0 0 0 0 0 3
    0 0 0 0 0 0 0 0 0 3 0 3 3 3 0 3
    0 0 0 0 0 0 0 0 0 3 0 3 0 3 0 3
    0 0 0 0 0 0 0 0 0 3 0 3 3 3 0 3
    0 0 0 0 0 0 0 0 0 3 0 0 0 0 0 3
    0 0 0 0 0 0 0 0 0 3 3 3 3 3 3 3
    0 0 0 0 0 0 0 0 0 0 0 0 0 0 0 0
4
16 16
    0 0 0 0 0 0 0 0 0 0 0 4 4 4 0 0
    0 0 0 0 0 0 0 0 0 0 4 0 4 0 4 4
    0 0 0 0 0 0 0 0 0 4 0 0 4 0 4 0
    0 0 0 0 0 0 0 0 0 4 4 4 4 4 4 4
    0 0 0 0 0 0 0 0 0 4 0 0 4 0 4 0
    0 0 0 0 0 0 0 0 0 0 4 0 4 0 4 4
    0 0 0 0 0 0 0 0 0 0 0 4 4 4 0 0
    0 0 0 0 0 0 0 0 0 0 0 0 0 0 0 0
    0 0 0 4 4 4 0 0 0 0 0 0 0 0 0 0
    0 0 4 0 4 0 4 4 0 0 0 0 0 0 0 0
    0 4 0 0 4 0 4 0 0 0 0 0 0 0 0 0
    0 4 4 4 4 4 4 4 0 0 0 0 0 0 0 0
    0 4 0 0 4 0 4 0 0 0 0 0 0 0 0 0
    0 0 4 0 4 0 4 4 0 0 0 0 0 0 0 0
    0 0 0 4 4 4 0 0 0 0 0 0 0 0 0 0
    0 0 0 0 0 0 0 0 0 0 0 0 0 0 0 0
-1                                    |    End of Pattern
CT                                    |    Colour Table
0
1.0 1.0 1.0                      |   white - background
1
0.0 0.0 0.0                      |   black
2
1.0 0.0 0.0                      |   red
3
0.0 1.0 0.0                      |   green
4
0.0 0.0 1.0                      |   blue
5
1.0 1.0 0.0                      |   yellow
6
0.0 1.0 1.0                      |   cyan
7
1.0 0.0 1.0                      |   magenta
8
1.0 1.0 1.0                      |   white
9
0.6956 0.6956 0.6956
10
0.6205 0.6205 0.6205
11
0.5025 0.5025 0.5025
12
0.3956 0.3956 0.3956
13
0.3081 0.3081 0.3081
14
0.2500 0.2500 0.2500
15
0.0000 0.0000 0.0000
16
0.7796 0.7557 1.0000
17
0.5484 0.4812 1.0000
18
0.3621 0.2784 1.0000
19
0.2031 0.0000 0.9532
20
0.1114 0.0000 0.5227
21
0.0785 0.0000 0.3667
22
0.0551 0.0000 0.2562
23
0.0470 0.0000 0.2207
24
0.0391 0.0000 0.1835
25
0.5025 0.5412 1.0000
26
0.3347 0.3347 1.0000
27
0.0000 0.0000 1.0000
28
0.0000 0.0000 0.6594
29
0.0000 0.0520 0.4587
30
0.0000 0.0343 0.2986
31
0.0000 0.0316 0.2698
32
0.4812 0.5484 1.0000
33
0.3173 0.3677 1.0000
34
0.0000 0.2336 0.9909
35
0.0000 0.1556 0.6594
36
0.0000 0.1133 0.4812
37
0.0000 0.0745 0.3173
38
0.0000 0.0657 0.2784
39
0.4812 0.5844 1.0000
40
0.2784 0.4273 1.0000
41
0.0000 0.3291 0.9035
42
0.0000 0.2418 0.6885
43
0.0000 0.1764 0.5025
44
0.0000 0.1175 0.3347
45
0.0000 0.1021 0.2907
46
0.4587 0.6044 1.0000
47
0.2315 0.4633 1.0000
48
0.0000 0.3815 0.8613
49
0.0000 0.3024 0.7163
50
0.0000 0.2207 0.5227
51
0.0000 0.1482 0.3511
52
0.0000 0.1309 0.3099
53
0.4347 0.6253 1.0000
54
0.1689 0.5150 1.0000
55
0.0000 0.4405 0.8827
56
0.0000 0.3641 0.7297
57
0.0000 0.2704 0.5421
58
0.0000 0.1828 0.3667
59
0.0000 0.1582 0.3173
60
0.6956 0.8392 1.0000
61
0.4091 0.6790 1.0000
62
0.0000 0.5958 0.9816
63
0.0000 0.5357 0.8827
64
0.0000 0.4723 0.7782
65
0.0000 0.3511 0.5785
66
0.0000 0.2315 0.3815
67
0.0000 0.2053 0.3381
68
0.0000 0.1689 0.2784
69
0.0000 0.7297 0.7297
70
0.0000 0.6285 0.5785
71
0.0000 0.5607 0.5066
72
0.0000 0.4768 0.4183
73
0.0000 0.3511 0.3081
74
0.0000 0.2467 0.2165
75
0.0000 0.2092 0.1835
76
0.0000 0.7557 0.6285
77
0.0000 0.6285 0.4855
78
0.0000 0.5421 0.4131
79
0.0000 0.4701 0.3582
80
0.0000 0.3511 0.2676
81
0.0000 0.2315 0.1764
82
0.0000 0.2092 0.1594
83
0.0000 0.9532 0.6631
84
0.0000 0.7557 0.5257
85
0.0000 0.6285 0.4445
86
0.0000 0.5421 0.3833
87
0.0000 0.4655 0.3292
88
0.0000 0.3511 0.2484
89
0.0000 0.2315 0.1639
90
0.0000 0.2031 0.1437
91
0.0000 0.1689 0.1193
92
0.0000 0.8503 0.4528
93
0.0000 0.6885 0.4453
94
0.0000 0.5958 0.4001
95
0.0000 0.5421 0.3574
96
0.0000 0.4091 0.2698
97
0.0000 0.2784 0.1835
98
0.0000 0.2418 0.1594
99
0.0000 0.9035 0.2921
100
0.0000 0.7429 0.4351
101
0.0000 0.6741 0.3949
102
0.0000 0.6124 0.3632
103
0.0000 0.4587 0.2719
104
0.0000 0.3173 0.1880
105
0.0000 0.2207 0.1309
106
0.4135 0.9337 0.0000
107
0.0000 0.8503 0.1811
108
0.0000 0.7928 0.2562
109
0.0000 0.7429 0.2798
110
0.0000 0.5607 0.2112
111
0.0000 0.3815 0.1437
112
0.0000 0.3279 0.1233
113
0.6338 0.9435 0.0000
114
0.3910 0.8827 0.0000
115
0.4723 0.8613 0.0000
116
0.3616 0.8164 0.0000
117
0.2713 0.6124 0.0000
118
0.1811 0.4091 0.0000
119
0.1623 0.3667 0.0000
120
0.7745 0.9532 0.0000
121
0.6768 0.9137 0.0000
122
0.6616 0.8932 0.0000
123
0.6285 0.8613 0.0000
124
0.4812 0.6594 0.0000
125
0.3173 0.4347 0.0000
126
0.2784 0.3815 0.0000
127
1.0000 0.9872 0.6885
128
1.0000 0.9807 0.4347
129
1.0000 0.9784 0.2784
130
0.9991 0.9761 0.0000
131
0.9927 0.9620 0.0000
132
0.7429 0.7199 0.0000
133
0.5025 0.4869 0.0000
134
0.4469 0.4331 0.0000
135
0.3511 0.3402 0.0000
136
1.0000 0.8222 0.4587
137
1.0000 0.7620 0.3815
138
1.0000 0.7493 0.3347
139
1.0000 0.6956 0.2562
140
0.7683 0.5345 0.0000
141
0.5227 0.3636 0.0000
142
0.4587 0.3190 0.0000
143
1.0000 0.7477 0.4701
144
1.0000 0.6403 0.4091
145
1.0000 0.6594 0.3511
146
1.0000 0.6285 0.3173
147
0.7683 0.4445 0.0000
148
0.5227 0.3024 0.0000
149
0.4587 0.2653 0.0000
150
1.0000 0.6790 0.4812
151
1.0000 0.6076 0.4222
152
1.0000 0.5607 0.3511
153
1.0000 0.4429 0.0000
154
0.7683 0.3402 0.0000
155
0.5025 0.2226 0.0000
156
0.4469 0.1978 0.0000
157
1.0000 0.6390 0.4812
158
1.0000 0.4938 0.4091
159
1.0000 0.3945 0.2562
160
0.9723 0.3142 0.0000
161
0.7297 0.2359 0.0000
162
0.4812 0.1556 0.0000
163
0.4347 0.1403 0.0000
164
1.0000 0.5789 0.4898
165
1.0000 0.3850 0.3511
166
1.0000 0.2215 0.1689
167
0.9337 0.1746 0.0000
168
0.7163 0.1339 0.0000
169
0.4812 0.0900 0.0000
170
0.4091 0.0765 0.0000
171
1.0000 0.6594 0.6668
172
1.0000 0.4812 0.5025
173
1.0000 0.2784 0.3151
174
0.9816 0.0000 0.1526
175
0.8827 0.0000 0.1374
176
0.6594 0.0000 0.1028
177
0.4347 0.0000 0.0680
178
0.3956 0.0000 0.0619
179
0.3173 0.0000 0.0488
180
1.0000 0.4812 0.5785
181
1.0000 0.2784 0.4273
182
0.9723 0.0000 0.3282
183
0.8827 0.0000 0.2852
184
0.6594 0.0000 0.2130
185
0.4347 0.0000 0.1403
186
0.3815 0.0000 0.1233
187
1.0000 0.6518 0.7745
188
1.0000 0.4347 0.6683
189
1.0000 0.1689 0.5907
190
0.9137 0.0000 0.5286
191
0.8279 0.0000 0.4790
192
0.6285 0.0000 0.3636
193
0.4091 0.0000 0.2367
194
0.3667 0.0000 0.2121
195
0.2986 0.0000 0.1727
196
1.0000 0.3173 0.8027
197
0.8932 0.0000 0.7429
198
0.7807 0.0000 0.6493
199
0.6594 0.0000 0.5607
200
0.4812 0.0000 0.4091
201
0.3347 0.0000 0.2846
202
0.2907 0.0000 0.2472
203
1.0000 0.2784 0.8854
204
0.8066 0.0000 0.8392
205
0.6885 0.0000 0.6885
206
0.5561 0.0000 0.5785
207
0.4179 0.0000 0.4347
208
0.2794 0.0000 0.2907
209
0.2462 0.0000 0.2562
210
0.9620 0.1689 1.0000
211
0.7595 0.0000 0.8932
212
0.6014 0.0000 0.7683
213
0.4222 0.0000 0.5785
214
0.3173 0.0000 0.4347
215
0.2179 0.0000 0.2986
216
0.1870 0.0000 0.2562
217
0.8503 0.3511 1.0000
218
0.5907 0.1689 1.0000
219
0.4663 0.0000 0.8503
220
0.3173 0.0000 0.5785
221
0.2315 0.0000 0.4222
222
0.1526 0.0000 0.2784
223
0.1379 0.0000 0.2515
224
0.7363 0.4347 1.0000
225
0.4812 0.2315 1.0000
226
0.3402 0.0000 0.9035
227
0.2179 0.0000 0.5785
228
0.1491 0.0000 0.3956
229
0.1014 0.0000 0.2698
230
0.0891 0.0000 0.2367
231
0.6956 0.6956 0.6956
232
0.6205 0.6205 0.6205
233
0.5025 0.5025 0.5025
234
0.3956 0.3956 0.3956
235
0.3081 0.3081 0.3081
236
0.0000 0.0000 0.0000
237
0.2428 0.1981 0.2339
238
0.2065 0.1768 0.2433
239
0.1441 0.2413 0.2349
240
0.5019 0.4630 0.4279
241
0.3602 0.2773 0.2854
242
0.2803 0.2270 0.2513
243
0.3136 0.2447 0.2513
244
0.1114 0.1309 0.1287
245
0.1339 0.1216 0.1432
246
0.1233 0.0000 0.0900
247
0.9915 0.7148 0.5593
248
0.8774 0.5712 0.5325
249
0.7511 0.5217 0.4669
250
0.6094 0.3935 0.3721
251
0.5396 0.3691 0.3552
252
0.2539 0.2031 0.2095
253
0.1887 0.1631 0.1662
254
1.0000 0.5812 0.4587
255
0.5924 0.3787 0.3573
256
0.0916 0.0849 0.0866
 
-1
END
