3801                                  | X- Workstation
0X                                    |    Driver identifier
WDT                                   |    WorkStation Description Table
780.0 576.0 780 576                   |       qdsdx qdsdy kdsrx kdsry
5 1.0 1.0 5.0                         |       klnwd qnmlnw qmnlnw qmxlnw
0 10.0 2.0 20.0                       |       kmksz qnmmks qmnmks qmxmks
1 1.0 1.0                             |       kchh qmnchh qmxchh
1 1.0 1.0                             |       kchxpf qmnchx qmxchx
10                                    |       kmxpab
PL                                    |    Polyline
1                                     |       kpli
1 1.0 1                               |       klnty qlnwd kplci
2                                     |       kpli
2 1.0 2                               |       klnty qlnwd kplci
3                                     |       kpli
3 1.0 3                               |       klnty qlnwd kplci
4                                     |       kpli
4 1.0 4                               |       klnty qlnwd kplci
5                                     |       kpli
5 1.0 5                               |       klnty qlnwd kplci
-1                                    |    End of Polyline
PM                                    |    Polymarker
1                                     |       kpmi
1 1.0 1                               |       kmkty qmksz kpmci
2                                     |       kpmi
2 1.0 1                               |       kmkty qmksz kpmci
3                                     |       kpmi
3 1.0 1                               |       kmkty qmksz kpmci
4                                     |       kpmi
4 1.0 1                               |       kmkty qmksz kpmci
5                                     |       kpmi
5 1.0 1                               |       kmkty qmksz kpmci
-1                                    |    End of Polymarker
TX                                    |    Text
1                                     |       ktxi
1 0 1.0 0.0 1                         |       ktxfn ktxpn qchxp qchsp ktxci
2                                     |       ktxi
-102 2 1.0 0.0 1                      |       ktxfn ktxpn qchxp qchsp ktxci
3                                     |       ktxi
-103 2 1.0 0.0 1                      |       ktxfn ktxpn qchxp qchsp ktxci
4                                     |       ktxi
-104 2 1.0 0.0 1                      |       ktxfn ktxpn qchxp qchsp ktxci
5                                     |       ktxi
-105 2 1.0 0.0 1                      |       ktxfn ktxpn qchxp qchsp ktxci
6                                     |       ktxi
-106 2 1.0 0.0 1                      |       ktxfn ktxpn qchxp qchsp ktxci
-1                                    |    End of Text
PA                                    |    Pattern
1                                     |       kpai
6 6                                   |       kpadx kpady kpa
    0 0 0 0 1 1
    0 0 0 0 1 1                       |       kpa
    0 0 0 0 1 1
    0 0 0 0 1 1
    0 0 0 0 1 1
    0 0 0 0 1 1
2                                     |       kpai
12 12                                 |       kpadx kpady
    2 2 2 2 2 2 0 0 0 0 0 0
    2 2 2 2 2 2 0 0 0 0 0 0
    2 2 2 2 2 2 0 0 0 0 0 0
    2 2 2 2 2 2 0 0 0 0 0 0
    2 2 2 2 2 2 0 0 0 0 0 0
    2 2 2 2 2 2 0 0 0 0 0 0
    0 0 0 0 0 0 2 2 2 2 2 2
    0 0 0 0 0 0 2 2 2 2 2 2
    0 0 0 0 0 0 2 2 2 2 2 2           |       kpa
    0 0 0 0 0 0 2 2 2 2 2 2
    0 0 0 0 0 0 2 2 2 2 2 2
    0 0 0 0 0 0 2 2 2 2 2 2 
3                                     |       kpai
16 16                                 |       kpadx kpady
    4 0 0 0 0 0 0 0 0 0 0 4 0 0 0 0
    0 0 0 0 0 0 0 0 0 0 0 0 4 4 4 4
    0 0 0 0 3 3 3 3 0 0 0 0 0 0 0 0
    0 0 0 3 0 0 0 0 3 0 0 0 0 0 0 0
    0 0 3 0 0 0 0 0 0 3 0 0 0 0 0 0 
    0 0 3 0 0 0 0 0 0 3 0 0 0 0 0 0
    0 0 3 0 0 0 0 0 0 3 0 0 0 0 0 0
    0 0 3 0 0 0 0 0 0 3 0 0 0 0 0 0
    0 0 0 3 0 0 0 0 3 0 0 0 0 0 0 0
    0 0 0 0 3 3 3 3 0 0 0 0 0 0 0 0
    0 0 0 0 0 0 0 0 0 0 0 0 4 4 4 4
    4 0 0 0 0 0 0 0 0 0 0 4 0 0 0 0
    0 4 0 0 0 0 0 0 0 0 4 0 0 0 0 0
    0 4 0 0 0 0 0 0 0 0 4 0 0 0 0 0
    0 4 0 0 0 0 0 0 0 0 4 0 0 0 0 0
    0 4 0 0 0 0 0 0 0 0 4 0 0 0 0 0
-1                                    |    End of Pattern
FA                                    |    Fill Area
1                                     |       kfai
0 1 1                                 |       kis ksi kfaci
2                                     |       kfai
1 1 1                                 |       kis ksi kfaci
3                                     |       kfai
3 -1 1                                |       kis ksi kfaci
4                                     |       kfai
3 -2 1                                |       kis ksi kfaci
5                                     |       kfai
3 -3 1                                |       kis ksi kfaci
-1                                    |    End of Fill Area
CT                                    |    Colour Table
    0
0.0000 0.0000 0.0000
    1
1.0000 1.0000 1.0000
    2
1.0000 0.0000 0.0000
    3
0.0000 1.0000 0.0000
    4
0.0000 0.0000 1.0000
    5
0.0196 0.0196 0.0196
    6
0.0235 0.0235 0.0235
    7
0.0275 0.0275 0.0275
    8
0.0314 0.0314 0.0314
    9
0.0353 0.0353 0.0353
   10
0.0392 0.0392 0.0392
   11
0.0431 0.0431 0.0431
   12
0.0471 0.0471 0.0471
   13
0.0510 0.0510 0.0510
   14
0.0549 0.0549 0.0549
   15
0.0588 0.0588 0.0588
   16
0.0627 0.0627 0.0627
   17
0.0667 0.0667 0.0667
   18
0.0706 0.0706 0.0706
   19
0.0745 0.0745 0.0745
   20
0.0784 0.0784 0.0784
   21
0.0824 0.0824 0.0824
   22
0.0863 0.0863 0.0863
   23
0.0902 0.0902 0.0902
   24
0.0941 0.0941 0.0941
   25
0.0980 0.0980 0.0980
   26
0.1020 0.1020 0.1020
   27
0.1059 0.1059 0.1059
   28
0.1098 0.1098 0.1098
   29
0.1137 0.1137 0.1137
   30
0.1176 0.1176 0.1176
   31
0.1216 0.1216 0.1216
   32
0.1255 0.1255 0.1255
   33
0.1294 0.1294 0.1294
   34
0.1333 0.1333 0.1333
   35
0.1373 0.1373 0.1373
   36
0.1412 0.1412 0.1412
   37
0.1451 0.1451 0.1451
   38
0.1490 0.1490 0.1490
   39
0.1529 0.1529 0.1529
   40
0.1569 0.1569 0.1569
   41
0.1608 0.1608 0.1608
   42
0.1647 0.1647 0.1647
   43
0.1686 0.1686 0.1686
   44
0.1725 0.1725 0.1725
   45
0.1765 0.1765 0.1765
   46
0.1804 0.1804 0.1804
   47
0.1843 0.1843 0.1843
   48
0.1882 0.1882 0.1882
   49
0.1922 0.1922 0.1922
   50
0.1961 0.1961 0.1961
   51
0.2000 0.2000 0.2000
   52
0.2039 0.2039 0.2039
   53
0.2078 0.2078 0.2078
   54
0.2118 0.2118 0.2118
   55
0.2157 0.2157 0.2157
   56
0.2196 0.2196 0.2196
   57
0.2235 0.2235 0.2235
   58
0.2275 0.2275 0.2275
   59
0.2314 0.2314 0.2314
   60
0.2353 0.2353 0.2353
   61
0.2392 0.2392 0.2392
   62
0.2431 0.2431 0.2431
   63
0.2471 0.2471 0.2471
   64
0.2510 0.2510 0.2510
   65
0.2549 0.2549 0.2549
   66
0.2588 0.2588 0.2588
   67
0.2627 0.2627 0.2627
   68
0.2667 0.2667 0.2667
   69
0.2706 0.2706 0.2706
   70
0.2745 0.2745 0.2745
   71
0.2784 0.2784 0.2784
   72
0.2824 0.2824 0.2824
   73
0.2863 0.2863 0.2863
   74
0.2902 0.2902 0.2902
   75
0.2941 0.2941 0.2941
   76
0.2980 0.2980 0.2980
   77
0.3020 0.3020 0.3020
   78
0.3059 0.3059 0.3059
   79
0.3098 0.3098 0.3098
   80
0.3137 0.3137 0.3137
   81
0.3176 0.3176 0.3176
   82
0.3216 0.3216 0.3216
   83
0.3255 0.3255 0.3255
   84
0.3294 0.3294 0.3294
   85
0.3333 0.3333 0.3333
   86
0.3373 0.3373 0.3373
   87
0.3412 0.3412 0.3412
   88
0.3451 0.3451 0.3451
   89
0.3490 0.3490 0.3490
   90
0.3529 0.3529 0.3529
   91
0.3569 0.3569 0.3569
   92
0.3608 0.3608 0.3608
   93
0.3647 0.3647 0.3647
   94
0.3686 0.3686 0.3686
   95
0.3725 0.3725 0.3725
   96
0.3765 0.3765 0.3765
   97
0.3804 0.3804 0.3804
   98
0.3843 0.3843 0.3843
   99
0.3882 0.3882 0.3882
  100
0.3922 0.3922 0.3922
  101
0.3961 0.3961 0.3961
  102
0.4000 0.4000 0.4000
  103
0.4039 0.4039 0.4039
  104
0.4078 0.4078 0.4078
  105
0.4118 0.4118 0.4118
  106
0.4157 0.4157 0.4157
  107
0.4196 0.4196 0.4196
  108
0.4235 0.4235 0.4235
  109
0.4275 0.4275 0.4275
  110
0.4314 0.4314 0.4314
  111
0.4353 0.4353 0.4353
  112
0.4392 0.4392 0.4392
  113
0.4431 0.4431 0.4431
  114
0.4471 0.4471 0.4471
  115
0.4510 0.4510 0.4510
  116
0.4549 0.4549 0.4549
  117
0.4588 0.4588 0.4588
  118
0.4627 0.4627 0.4627
  119
0.4667 0.4667 0.4667
  120
0.4706 0.4706 0.4706
  121
0.4745 0.4745 0.4745
  122
0.4784 0.4784 0.4784
  123
0.4824 0.4824 0.4824
  124
0.4863 0.4863 0.4863
  125
0.4902 0.4902 0.4902
  126
0.4941 0.4941 0.4941
  127
0.4980 0.4980 0.4980
  128
0.5020 0.5020 0.5020
  129
0.5059 0.5059 0.5059
  130
0.5098 0.5098 0.5098
  131
0.5137 0.5137 0.5137
  132
0.5176 0.5176 0.5176
  133
0.5216 0.5216 0.5216
  134
0.5255 0.5255 0.5255
  135
0.5294 0.5294 0.5294
  136
0.5333 0.5333 0.5333
  137
0.5373 0.5373 0.5373
  138
0.5412 0.5412 0.5412
  139
0.5451 0.5451 0.5451
  140
0.5490 0.5490 0.5490
  141
0.5529 0.5529 0.5529
  142
0.5569 0.5569 0.5569
  143
0.5608 0.5608 0.5608
  144
0.5647 0.5647 0.5647
  145
0.5686 0.5686 0.5686
  146
0.5725 0.5725 0.5725
  147
0.5765 0.5765 0.5765
  148
0.5804 0.5804 0.5804
  149
0.5843 0.5843 0.5843
  150
0.5882 0.5882 0.5882
  151
0.5922 0.5922 0.5922
  152
0.5961 0.5961 0.5961
  153
0.6000 0.6000 0.6000
  154
0.6039 0.6039 0.6039
  155
0.6078 0.6078 0.6078
  156
0.6118 0.6118 0.6118
  157
0.6157 0.6157 0.6157
  158
0.6196 0.6196 0.6196
  159
0.6235 0.6235 0.6235
  160
0.6275 0.6275 0.6275
  161
0.6314 0.6314 0.6314
  162
0.6353 0.6353 0.6353
  163
0.6392 0.6392 0.6392
  164
0.6431 0.6431 0.6431
  165
0.6471 0.6471 0.6471
  166
0.6510 0.6510 0.6510
  167
0.6549 0.6549 0.6549
  168
0.6588 0.6588 0.6588
  169
0.6627 0.6627 0.6627
  170
0.6667 0.6667 0.6667
  171
0.6706 0.6706 0.6706
  172
0.6745 0.6745 0.6745
  173
0.6784 0.6784 0.6784
  174
0.6824 0.6824 0.6824
  175
0.6863 0.6863 0.6863
  176
0.6902 0.6902 0.6902
  177
0.6941 0.6941 0.6941
  178
0.6980 0.6980 0.6980
  179
0.7020 0.7020 0.7020
  180
0.7059 0.7059 0.7059
  181
0.7098 0.7098 0.7098
  182
0.7137 0.7137 0.7137
  183
0.7176 0.7176 0.7176
  184
0.7216 0.7216 0.7216
  185
0.7255 0.7255 0.7255
  186
0.7294 0.7294 0.7294
  187
0.7333 0.7333 0.7333
  188
0.7373 0.7373 0.7373
  189
0.7412 0.7412 0.7412
  190
0.7451 0.7451 0.7451
  191
0.7490 0.7490 0.7490
  192
0.7529 0.7529 0.7529
  193
0.7569 0.7569 0.7569
  194
0.7608 0.7608 0.7608
  195
0.7667 0.7647 0.7647
  196
0.7686 0.7686 0.7686
  197
0.7725 0.7725 0.7725
  198
0.7765 0.7765 0.7765
  199
0.7804 0.7804 0.7804
  200
0.7843 0.7843 0.7843
  201
0.7882 0.7882 0.7882
  202
0.7922 0.7922 0.7922
  203
0.7961 0.7961 0.7961
  204
0.8000 0.8000 0.8000
  205
0.8039 0.8039 0.8039
  206
0.8078 0.8078 0.8078
  207
0.8118 0.8118 0.8118
  208
0.8157 0.8157 0.8157
  209
0.8196 0.8196 0.8196
  210
0.8235 0.8235 0.8235
  211
0.8275 0.8275 0.8275
  212
0.8314 0.8314 0.8314
  213
0.8353 0.8353 0.8353
  214
0.8392 0.8392 0.8392
  215
0.8431 0.8431 0.8431
  216
0.8471 0.8471 0.8471
  217
0.8510 0.8510 0.8510
  218
0.8549 0.8549 0.8549
  219
0.8588 0.8588 0.8588
  220
0.8627 0.8627 0.8627
  221
0.8667 0.8667 0.8667
  222
0.8706 0.8706 0.8706
  223
0.8745 0.8745 0.8745
  224
0.8784 0.8784 0.8784
  225
0.8824 0.8824 0.8824
  226
0.8863 0.8863 0.8863
  227
0.8902 0.8902 0.8902
  228
0.8941 0.8941 0.8941
  229
0.8980 0.8980 0.8980
  230
0.9020 0.9020 0.9020
  231
0.9059 0.9059 0.9059
  232
0.9098 0.9098 0.9098
  233
0.9137 0.9137 0.9137
  234
0.9176 0.9176 0.9176
  235
0.9216 0.9216 0.9216
  236
0.9255 0.9255 0.9255
  237
0.9294 0.9294 0.9294
  238
0.9333 0.9333 0.9333
  239
0.9373 0.9373 0.9373
  240
0.9412 0.9412 0.9412
  241
0.9451 0.9451 0.9451
  242
0.9490 0.9490 0.9490
  243
0.9529 0.9529 0.9529
  244
0.9569 0.9569 0.9569
  245
0.9608 0.9608 0.9608
  246
0.9647 0.9647 0.9647
  247
0.9686 0.9686 0.9686
  248
0.9725 0.9725 0.9725
  249
0.9765 0.9765 0.9765
  250
0.9804 0.9804 0.9804
  251
0.9843 0.9843 0.9843
  252
0.9882 0.9882 0.9882
  253
0.9922 0.9922 0.9922
  254
0.9961 0.9961 0.9961
  255
1.0000 1.0000 1.0000
-1                                    |    End of Colour Table
LC                                    |    Locators
1                                     |       LC dev number
0.0 0.01 0.0 0.01                     |       echo area
-1                                    |       end of data record
0.0 0.0                               |       initial locator
-1                                    |    End of locators
SK                                    |    Strokes
1                                     |       SK device number
0.0 1.0 0.0 1.0                       |       echo area
-1                                    |       end of data record
100 0                                 |       kskmxb kskinb
-1                                    |    End of strokes
VL                                    |    Valuators
1                                     |       VL device number
780.0 1023.0 732.0 770.0              |       echo area
-1                                    |       end of data record
0.0 0.0 1.0                           |       quivl qmnvl qmxvl
-1                                    |    End of valuators
CH                                    |    Choices
1                                     |       CH device number
780.0 1023.0 692.0 730.0              |       echo area
-1                                    |       end of data record
2                                     |       CH device number
780.0 1023.0 692.0 730.0              |       echo area
-1                                    |       end of data record
-1                                    |    End of choices
PC                                    |    Picks
-1                                    |    End of picks
ST                                    |    String devices
1                                     |       ST device number
780.0 1023.0 652.0 690.0              |       echo area
-1                                    |       end of data record
80 10                                 |       kstmxb kstinb
-1                                    |    End of string devices
END                                   | End of X-Windows Workstation
