h1b1   16.4079   19.4888   32.1454  -161.991  -7.67078e+07   15.3646
h1b2   18.7517   19.9301   90.7910  -138.583  -9.11826e+07   16.8930
h1b3   0 0 0 0 0 0 
h1b4   16.2994   18.2330   28.1040  -119.936  -7.57652e+07   12.4449
h1b5   16.3098   18.1842   5.53684  -120.633  -7.61160e+07   12.3270
h1b6   16.6177   18.7813  -27.0165  -143.039  -7.57162e+07   12.0499
h1b7   16.4382   18.5610  -3.94463  -141.565  -7.20871e+07   12.2007
h1b8   0 0 0 0 0 0 
h1b9   0 0 0 0 0 0 
h1b10   17.8802   18.6508   76.2586  -118.511  -8.35130e+07   20.7913
h1b11   17.4187   18.6789   51.6834  -119.477  -7.85155e+07   14.7656
h1b12   17.2707   17.8701   48.4119  -79.1703  -7.42886e+07   12.5034
h1b13  0 0 0 0 0 0 
h1b14  0 0 0 0 0 0 
h1b15   16.4521   17.5835  -17.5012  -121.417  -7.35104e+07   12.2902
h1b16  0 0 0 0 0 0 
h1b17   16.7772   20.1627   9.68293  -162.902  -6.93601e+07   23.8622
h1b18   17.0236   18.2903   62.0430  -98.4909  -7.65577e+07   12.4983
h1b19  0 0 0 0 0 0 
h1b20   16.7599   18.3700   37.9340  -99.4097  -7.42219e+07   12.5496
h1b21  0 0 0 0 0 0 
h1b22   16.4374   20.0906  -13.0154  -164.126  -8.19152e+07   32.8350
h1b23  0 0 0 0 0 0 
h1b24   16.5890   18.0382  -7.42856  -100.566  -7.62211e+07   13.0792
h2b1  0 0 0 0 0 0 
h2b2  0 0 0 0 0 0 
h2b3   19.5119   18.6128   134.493  -57.3625  -8.98748e+07   24.2852
h2b4  0 0 0 0 0 0 
h2b5   17.8678   18.2325   97.7803  -78.1358  -7.97268e+07   13.2298
h2b6   18.1743   19.4160   100.851  -117.975  -8.92659e+07   17.5754
h2b7  0 0 0 0 0 0 
h2b8   17.6849   17.9836   72.0832  -38.5562  -7.27921e+07   22.6838
h2b9   19.1792   18.4124   122.375  -77.3901  -8.61741e+07   14.4972
h2b10   18.6007   17.5241   133.382  -18.0795  -8.09782e+07   15.1014
h2b11   17.7843   18.1155   121.022  -37.5187  -7.36949e+07   13.9954
h2b12  0 0 0 0 0 0 
h2b13   17.3731   18.1490   84.3059  -58.4424  -7.85618e+07   12.4627
h2b14  0 0 0 0 0 0 
h2b15   17.6277   18.6866   86.9106  -98.2498  -8.14288e+07   15.4419
h2b16  0 0 0 0 0 0 
h2b17   19.9639   19.1739   136.446  -97.2319  -1.01112e+08   22.0442
h2b18   17.1294   17.4118   108.430  -18.3353  -7.71472e+07   12.8034
h2b19  0 0 0 0 0 0 
h2b20  0 0 0 0 0 0 
h2b21  0 0 0 0 0 0 
h2b22   20.3099   19.6600   125.553  -117.334  -1.01092e+08   19.9689
h2b23  0 0 0 0 0 0 
h2b24   17.1964   18.0849   73.2292  -78.3338  -7.96032e+07   12.7086
h3b1   20.0417   18.0893   135.972   63.1399  -7.80151e+07   15.7730
h3b2   17.8408   18.1770   89.6593   105.351  -7.25509e+07   19.0428
h3b3   17.5967   17.7609   110.643   63.2127  -7.86979e+07   13.4885
h3b4   17.5044   18.0249   97.4278   42.3875  -7.40878e+07   12.1321
h3b5   17.1085   18.3616   108.938   20.6151  -7.26244e+07   12.7057
h3b6   20.1847   17.6414   146.225  0.157406  -9.81515e+07   16.4675
h3b7   19.3361   18.4613   133.693   20.5347  -6.04146e+12   14.1437
h3b8   17.6211   18.5151   59.5889   20.9352  -9.04749e+07   12.7614
h3b9   18.5449   17.8995   121.574   42.1943  -7.32422e+07   13.3922
h3b10   17.5307   18.0849   75.6692   84.2820  -7.34587e+07   12.9387
h3b11   17.4219   17.5307   86.0626   63.2795  -6.60170e+07   12.0305
h3b12   17.4308   17.7202   47.7050   42.4661  -7.67485e+07   14.2617
h3b13   16.9109   18.5730   84.6635   20.6956  -7.32863e+07   10.6232
h3b14   17.6590   18.2179   46.5148     0.0972858  -7.67963e+07   10.5970
h3b15   17.6270   18.6107   120.802  0.605783  -7.70568e+07   13.3135
h3b16   16.3828   18.1521   22.4811  0.291730  -6.96546e+07   10.1803
h3b17   20.5386   19.1001   147.527   42.6517  -9.48619e+07   19.0774
h3b18   17.1088   17.8849   61.3170   63.5568  -6.96655e+07   11.7074
h3b19   17.8603   18.3243   100.156   84.2040  -7.37173e+07   12.8401
h3b20   17.1271   17.6462   72.8062   42.5375  -7.09438e+07   10.3493
h3b21  0 0 0 0 0 0 
h3b22  0 0 0 0 0 0 
h3b23   16.9702   17.9982   71.7631  0.325895  -7.74352e+07   10.4765
h3b24  0 0 0 0 0 0 
h4b1   16.2228   19.6862   8.89897   126.740  -8.73095e+07   14.5763
h4b2   16.3669   20.2793  -50.7745   105.596  -8.30021e+07   14.3337
h4b3   15.9488   18.9828  -5.12108   106.027  -7.43556e+07   12.5723
h4b4   16.1603   18.5138   4.23027   84.5155  -7.87626e+07   12.8932
h4b5   16.0890   18.0449   27.2821   84.3125  -7.48483e+07   12.0396
h4b6   17.1449   18.2567   65.0843   105.587  -7.96434e+07   16.6695
h4b7   16.3125   18.2982   40.8436   105.830  -7.73652e+07   12.2885
h4b8   16.7380   17.9173   1.27564   42.1455  -7.63118e+07   14.6413
h4b9   16.1225   18.7425   17.9293   105.850  -7.89333e+07   14.0977
h4b10   15.9247   19.4328  -41.7855   83.9100  -7.85886e+07   13.0136
h4b11   16.1106   19.0631  -18.8841   84.2671  -7.66574e+07   13.7629
h4b12   16.3414   17.8858  -21.9221   42.0360  -8.05621e+07   11.0519
h4b13   16.1113   17.6426   13.9870   62.8917  -7.28569e+07   11.6597
h4b14   16.3817   18.2022   11.5674   20.9940  -7.77493e+07   10.8675
h4b15   17.0109   17.9945   50.8756   84.7299  -7.55951e+07   13.0109
h4b16   16.5678   17.8942   0.00000   0.00000  -6.36150e+07   10.1262
h4b17   16.3557   19.5776   31.6025   126.669  -7.99700e+07   14.7353
h4b18   16.0047   17.9011  -32.1504   62.5622  -7.76166e+07   11.6285
h4b19   16.1614   19.8622  -28.4469   105.657  -8.57586e+07   13.8259
h4b20   16.4624   17.9142  -9.12299   62.6043  -7.69097e+07   11.5857
h4b21   16.8266   18.4547  -11.3005   20.7589  -7.22003e+07   11.9671
h4b22   16.9054   19.0675   55.3451   126.505  -8.47002e+07   14.9804
h4b23   16.3327   17.9084   24.1966   42.5546  -7.03220e+07   10.5975
h4b24   16.6271   17.5234   36.9598   63.2055  -8.31017e+07   12.0377
h5b1   17.9627   18.7835  -109.641   42.1632  -9.38350e+07   14.8508
h5b2   18.2966   16.9447  -121.427  -19.7547  -8.67927e+07   13.1814
h5b3  0 0 0 0 0 0 
h5b4   15.5949   18.1874  -77.9102   20.9774  -7.48242e+07   11.8410
h5b5   15.8048   18.2062  -66.4135   41.7017  -7.66497e+07   10.7860
h5b6   16.3420   20.0547  -63.8180   84.2602  -8.29455e+07   15.0570
h5b7   16.2817   18.8298  -76.4308   62.8173  -9.42646e+07   13.0151
h5b8   15.9462   18.1406  -45.5812  0.144247  -7.31017e+07   12.3317
h5b9   16.0886   18.4888  -88.2744   42.1376  -8.32183e+07   12.9963
h5b10   16.2029   17.0028  -99.8323  -19.7353  -7.71502e+07   11.3690
h5b11  0 0 0 0 0 0 
h5b12   15.7075   17.3218  -56.3185  -19.7361  -5.12511e+12   10.4520
h5b13   15.5608   18.2963  -56.1007   20.7958  -7.91915e+07   11.5522
h5b14   16.5393   17.8164  -23.1962    -0.0924738  -6.73207e+07   10.5448
h5b15   15.8995   18.2967  -54.2343   62.6678  -7.94054e+07   13.0782
h5b16  0 0 0 0 0 0 
h5b17   17.2056   19.3204  -97.7912   62.6265  -9.55580e+07   17.1842
h5b18   15.5100   17.2906  -77.9261  -19.5642  -7.24602e+07   12.2479
h5b19  0 0 0 0 0 0 
h5b20   15.3186   18.1645  -67.4339  0.387767  -7.34928e+07   10.7513
h5b21   16.2122   17.2847  -34.0946  -19.8031  -7.05299e+07   10.5293
h5b22   17.1095   20.3663  -85.6548   83.8851  -9.49702e+07   15.3028
h5b23   15.9827   18.3935  -33.9899   20.8675  -7.34272e+07   11.6980
h5b24   15.6991   18.2048  -44.3524   41.9164  -7.04199e+07   11.2952
h6b1   17.6567   18.0976  -96.4639  -103.635  -7.69170e+07   17.0355
h6b2   16.6996   18.9682  -49.1585  -143.938  -7.14455e+07   11.8251
h6b3  0 0 0 0 0 0 
h6b4   17.3759   18.2949  -83.8763  -124.257  -8.16255e+07   25.2763
h6b5   15.8184   18.2539  -76.9646  -60.1656  -6.98256e+07   10.9320
h6b6   17.0678   17.3746  -110.338  -39.0659  -7.76936e+07   14.4047
h6b7   16.8549   18.1449  -98.8118  -60.7809  -7.50667e+07   13.7426
h6b8  0 0 0 0 0 0 
h6b9  0 0 0 0 0 0 
h6b10   16.1502   17.7306  -40.1454  -122.432  -6.86223e+07   11.4379
h6b11  0 0 0 0 0 0 
h6b12   16.3682   18.0465  -20.2001  -80.4234  -7.40084e+07   11.0018
h6b13   15.5646   18.3099  -54.8851  -60.2974  -6.65706e+07   11.0352
h6b14  0 0 0 0 0 0 
h6b15   15.3347   17.6280  -88.6208  -38.6494  -7.09734e+07   10.8089
h6b16  0 0 0 0 0 0 
h6b17   18.1090   17.8491  -108.504  -82.3919  -8.29142e+07   15.6950
h6b18   16.2381   18.0087  -30.6080  -101.091  -6.63941e+07   12.4591
h6b19   16.7738   18.2375  -62.0888  -123.539  -6.87364e+07   13.5720
h6b20   15.9200   17.6589  -42.7480  -80.8787  -6.14930e+07   13.7694
h6b21   16.2731   18.3574  -9.82499  -59.8652  -6.88850e+07   11.4238
h6b22   18.6571   18.2484  -119.894  -61.0560  -8.79237e+07   14.6607
h6b23   16.0553   17.8511  -44.8381  -38.8010  -7.11639e+07   11.3955
h6b24   15.1092   17.7067  -66.6589  -38.6378  -6.98471e+07   11.8004
