         -90   40164.30    
         -89   19327.87    
         -88   11346.15    
         -87   8009.517    
         -86   6018.701    
         -85   4863.319    
         -84   3930.245    
         -83   3414.600    
         -82   2897.415    
         -81   2701.229    
         -80   2456.404    
         -79   2210.809    
         -78   1916.513    
         -77   1962.587    
         -76   1620.615    
         -75   1668.411    
         -74   1497.857    
         -73   1521.047    
         -72   1374.726    
         -71   1374.837    
         -70   1277.471    
         -69   1277.366    
         -68   1227.633    
         -67   1276.563    
         -66   1226.609    
         -65   1128.485    
         -64   1178.092    
         -63   1080.443    
         -62   1079.911    
         -61   1129.802    
         -60   1129.774    
         -59   1129.891    
         -58   1031.738    
         -57   1178.801    
         -56   1128.430    
         -55   1179.361    
         -54   1178.188    
         -53   1227.914    
         -52   1202.636    
         -51   1226.977    
         -50   1178.618    
         -49   1227.989    
         -48   1178.387    
         -47   1179.130    
         -46   1130.530    
         -45   1188.139    
         -44   1130.101    
         -43   1177.784    
         -42   1128.687    
         -41   1129.635    
         -40   1128.446    
         -39   1128.697    
         -38   1080.844    
         -37   1081.356    
         -36   1079.628    
         -35   1128.677    
         -34   1079.623    
         -33   1080.013    
         -32   1079.412    
         -31   1080.481    
         -30   1079.688    
         -29   1079.599    
         -28   1079.438    
         -27   1079.578    
         -26   1031.805    
         -25   1079.516    
         -24   1079.305    
         -23   1079.542    
         -22   1032.204    
         -21   1080.405    
         -20   1079.350    
         -19   1079.609    
         -18   1079.381    
         -17   1079.624    
         -16   1080.144    
         -15   1080.958    
         -14   1080.446    
         -13   1080.732    
         -12   1128.557    
         -11   1088.167    
         -10   1128.594    
          -9   1129.120    
          -8   1129.607    
          -7   1177.484    
          -6   1129.903    
          -5   1177.768    
          -4   1178.085    
          -3   1177.680    
          -2   1179.432    
          -1   1178.257    
           0   1179.340    
           1   1179.512    
           2   1227.994    
           3   1227.617    
           4   1227.944    
           5   1276.097    
           6   1276.499    
           7   1277.083    
           8   1277.088    
           9   1325.670    
          10   1324.996    
          11   1326.176    
          12   1375.351    
          13   1374.032    
          14   1374.333    
          15   1375.627    
          16   1422.982    
          17   1424.569    
          18   1424.151    
          19   1472.179    
          20   1474.209    
          21   1472.375    
          22   1521.103    
          23   1521.420    
          24   1522.299    
          25   1570.885    
          26   1523.074    
          27   1572.815    
          28   1618.929    
          29   1621.512    
          30   1669.745    
          31   1670.482    
          32   1717.051    
          33   1720.301    
          34   1766.087    
          35   1767.432    
          36   1815.211    
          37   1824.000    
          38   1817.930    
          39   1913.332    
          40   1867.460    
          41   1915.953    
          42   1965.181    
          43   1963.945    
          44   1959.026    
          45   2013.526    
          46   2014.697    
          47   2063.849    
          48   2062.056    
          49   2109.750    
          50   2154.895    
          51   2208.020    
          52   2160.692    
          53   2256.935    
          54   2257.897    
          55   2307.852    
          56   2356.623    
          57   2430.804    
          58   2454.940    
          59   2553.254    
          60   2554.597    
          61   2665.994    
          62   2724.821    
          63   2850.272    
          64   2846.096    
          65   2846.931    
          66   2995.145    
          67   3143.465    
          68   3216.938    
          69   3362.652    
          70   3436.812    
          71   3537.532    
          72   3732.987    
          73   3901.900    
          74   4173.712    
          75   4319.147    
          76   4810.982    
          77   4961.591    
          78   5571.040    
          79   5841.819    
          80   6656.555    
          81   7318.837    
          82   8470.927    
          83   9899.317    
          84   11441.10    
          85   14580.41    
          86   17881.37    
          87   25979.22    
          88   44563.97    
          89   90708.95    
          90   90708.95    
