         -90   44355.00       44215.00       44475.00    
         -89   40180.00       39835.00       40640.00    
         -88   27185.00       26755.00       27945.00    
         -87   16150.00       14585.00       17005.00    
         -86   12020.00       10980.00       13455.00    
         -85   10180.00       8525.000       11410.00    
         -84   8670.000       7180.000       9970.000    
         -83   7530.000       6135.000       8565.000    
         -82   6635.000       5150.000       7925.000    
         -81   6060.000       4520.000       7435.000    
         -80   5445.000       4135.000       6990.000    
         -79   5020.000       3680.000       6515.000    
         -78   4495.000       3415.000       6150.000    
         -77   4420.000       3165.000       5755.000    
         -76   3960.000       2925.000       5480.000    
         -75   3905.000       2755.000       5225.000    
         -74   3690.000       2605.000       4910.000    
         -73   3450.000       2445.000       4775.000    
         -72   3365.000       2355.000       4515.000    
         -71   3180.000       2225.000       4355.000    
         -70   3030.000       2135.000       4120.000    
         -69   2980.000       2030.000       3965.000    
         -68   3010.000       1945.000       3760.000    
         -67   2940.000       1860.000       3650.000    
         -66   2895.000       1790.000       3515.000    
         -65   2835.000       1725.000       3375.000    
         -64   2800.000       1660.000       3310.000    
         -63   2790.000       1620.000       3190.000    
         -62   2775.000       1560.000       3050.000    
         -61   2640.000       1540.000       2970.000    
         -60   2610.000       1490.000       2840.000    
         -59   2600.000       1450.000       2790.000    
         -58   2505.000       1475.000       2730.000    
         -57   2480.000       1420.000       2665.000    
         -56   2400.000       1355.000       2600.000    
         -55   2345.000       1325.000       2560.000    
         -54   2415.000       1380.000       2620.000    
         -53   2355.000       1370.000       2565.000    
         -52   2305.000       1365.000       2550.000    
         -51   2260.000       1375.000       2550.000    
         -50   2225.000       1360.000       2515.000    
         -49   2180.000       1365.000       2475.000    
         -48   2135.000       1300.000       2460.000    
         -47   2100.000       1345.000       2405.000    
         -46   2065.000       1415.000       2380.000    
         -45   2035.000       1455.000       2375.000    
         -44   2000.000       1355.000       2375.000    
         -43   1985.000       1485.000       2375.000    
         -42   1965.000       1530.000       2335.000    
         -41   1930.000       1500.000       2345.000    
         -40   1910.000       1475.000       2295.000    
         -39   1885.000       1480.000       2310.000    
         -38   1855.000       1590.000       2320.000    
         -37   1845.000       1635.000       2260.000    
         -36   1820.000       1635.000       2285.000    
         -35   1805.000       1580.000       2290.000    
         -34   1800.000       1650.000       2285.000    
         -33   1775.000       1660.000       2300.000    
         -32   1765.000       1650.000       2285.000    
         -31   1755.000       1635.000       2295.000    
         -30   1745.000       1630.000       2305.000    
         -29   1750.000       1600.000       2285.000    
         -28   1735.000       1590.000       2345.000    
         -27   1750.000       1590.000       2365.000    
         -26   1740.000       1580.000       2360.000    
         -25   1730.000       1565.000       2385.000    
         -24   1735.000       1555.000       2360.000    
         -23   1750.000       1550.000       2420.000    
         -22   1735.000       1545.000       2425.000    
         -21   1755.000       1535.000       2410.000    
         -20   1765.000       1540.000       2445.000    
         -19   1795.000       1525.000       2415.000    
         -18   1790.000       1510.000       2460.000    
         -17   1805.000       1510.000       2450.000    
         -16   1810.000       1510.000       2460.000    
         -15   1800.000       1510.000       2435.000    
         -14   1810.000       1495.000       2445.000    
         -13   1835.000       1500.000       2430.000    
         -12   1825.000       1485.000       2420.000    
         -11   1865.000       1485.000       2420.000    
         -10   1880.000       1495.000       2410.000    
          -9   1875.000       1485.000       2420.000    
          -8   1925.000       1510.000       2405.000    
          -7   1920.000       1495.000       2400.000    
          -6   1935.000       1510.000       2400.000    
          -5   1955.000       1510.000       2400.000    
          -4   1970.000       1510.000       2395.000    
          -3   2015.000       1540.000       2395.000    
          -2   2025.000       1540.000       2395.000    
          -1   2070.000       1560.000       2400.000    
           0   2090.000       1585.000       2400.000    
           1   2145.000       1580.000       2400.000    
           2   2155.000       1585.000       2405.000    
           3   2195.000       1585.000       2405.000    
           4   2240.000       1605.000       2410.000    
           5   2245.000       1665.000       2415.000    
           6   2295.000       1665.000       2415.000    
           7   2320.000       1710.000       2425.000    
           8   2340.000       1715.000       2430.000    
           9   2365.000       1740.000       2440.000    
          10   2385.000       1745.000       2450.000    
          11   2400.000       1765.000       2450.000    
          12   2415.000       1785.000       2465.000    
          13   2440.000       1825.000       2480.000    
          14   2450.000       1870.000       2485.000    
          15   2460.000       1860.000       2505.000    
          16   2475.000       1905.000       2515.000    
          17   2495.000       1940.000       2525.000    
          18   2505.000       1980.000       2540.000    
          19   2530.000       2020.000       2560.000    
          20   2545.000       2020.000       2575.000    
          21   2560.000       2050.000       2595.000    
          22   2585.000       2125.000       2615.000    
          23   2605.000       2140.000       2635.000    
          24   2625.000       2165.000       2650.000    
          25   2645.000       2225.000       2680.000    
          26   2670.000       2240.000       2700.000    
          27   2690.000       2240.000       2725.000    
          28   2715.000       2295.000       2750.000    
          29   2750.000       2340.000       2775.000    
          30   2775.000       2410.000       2805.000    
          31   2805.000       2450.000       2835.000    
          32   2840.000       2505.000       2865.000    
          33   2875.000       2520.000       2905.000    
          34   2900.000       2560.000       2930.000    
          35   2945.000       2560.000       2980.000    
          36   2975.000       2575.000       3010.000    
          37   3020.000       2580.000       3050.000    
          38   3060.000       2650.000       3090.000    
          39   3105.000       2660.000       3140.000    
          40   3145.000       2685.000       3185.000    
          41   3200.000       2695.000       3235.000    
          42   3250.000       2750.000       3285.000    
          43   3305.000       2765.000       3340.000    
          44   3355.000       2830.000       3400.000    
          45   3415.000       2845.000       3455.000    
          46   3475.000       2895.000       3520.000    
          47   3545.000       2970.000       3590.000    
          48   3615.000       3050.000       3650.000    
          49   3680.000       3015.000       3730.000    
          50   3760.000       3090.000       3810.000    
          51   3850.000       3150.000       3900.000    
          52   3915.000       3235.000       3990.000    
          53   4010.000       3320.000       4075.000    
          54   3910.000       3215.000       3975.000    
          55   3985.000       3275.000       4085.000    
          56   4080.000       3375.000       4200.000    
          57   4195.000       3460.000       4315.000    
          58   4270.000       3555.000       4450.000    
          59   4400.000       3620.000       4580.000    
          60   4500.000       3745.000       4745.000    
          61   4650.000       3860.000       4895.000    
          62   4700.000       3980.000       5065.000    
          63   4875.000       4140.000       5255.000    
          64   5015.000       4285.000       5460.000    
          65   5165.000       4435.000       5665.000    
          66   5365.000       4620.000       5910.000    
          67   5525.000       4800.000       6170.000    
          68   5715.000       5080.000       6455.000    
          69   5965.000       5300.000       6770.000    
          70   6240.000       5545.000       7105.000    
          71   6545.000       5855.000       7480.000    
          72   6930.000       6165.000       7850.000    
          73   7290.000       6540.000       8250.000    
          74   7695.000       6980.000       8750.000    
          75   8270.000       7490.000       9380.000    
          76   8985.000       8035.000       9950.000    
          77   9535.000       8755.000       10665.00    
          78   10450.00       9575.000       11405.00    
          79   11500.00       10465.00       12325.00    
          80   12690.00       11755.00       13565.00    
          81   14180.00       13265.00       15040.00    
          82   16215.00       15280.00       17005.00    
          83   18760.00       18125.00       19735.00    
          84   22585.00       21675.00       23405.00    
          85   28250.00       27270.00       29015.00    
          86   38780.00       38160.00       39495.00    
          87   71350.00       71030.00       71700.00    
          88   86455.00       86155.00       86540.00    
          89   166505.0       166505.0       166505.0    
